Time(s),Force(N),DeltaF(N),FSR1,FSR2,FSR3
4.15,18.633,1.011,1023,1023,1023
4.52,17.622,-1.011,1022,1023,1023
4.64,18.633,1.011,1023,1023,1023
4.85,17.622,-1.011,1023,1023,1023
4.96,16.611,-1.011,1023,1023,1023
5.07,18.633,2.021,1023,1023,1023
6.00,17.622,-1.011,1023,1023,1023
6.11,18.633,1.011,1023,1023,1023
6.22,17.622,-1.011,1023,1023,1023
6.33,18.633,1.011,1023,1023,1023
6.45,19.644,1.011,1023,1023,1023
6.56,18.633,-1.011,1023,1023,1022
6.67,19.644,1.011,1023,1022,1023
6.78,18.633,-1.011,1023,1023,1023
6.90,19.644,1.011,1023,1023,1023
7.01,18.633,-1.011,1023,1022,1023
7.12,19.644,1.011,1023,1023,1023
7.23,18.633,-1.011,1023,1023,1023
7.34,19.644,1.011,1023,1023,1023
7.46,18.633,-1.011,1023,1023,1023
7.87,17.622,-1.011,1023,1023,1023
7.99,19.644,2.021,1023,1023,1023
8.10,18.633,-1.011,1023,1023,1023
8.21,19.644,1.011,1023,1023,1023
8.32,20.654,1.011,1023,957,1023
8.84,21.665,1.011,1023,756,1023
9.15,20.654,-1.011,1023,767,1023
9.26,21.665,1.011,1023,768,1023
9.37,22.676,1.011,1023,745,1023
9.69,23.687,1.011,1023,714,1023
9.80,24.697,1.011,1023,701,1023
10.01,25.708,1.011,1022,616,1023
10.12,24.697,-1.011,1023,582,1023
10.23,26.719,2.021,1023,549,1023
10.45,27.729,1.011,1022,525,1023
10.76,29.751,2.021,1022,497,1023
10.98,28.740,-1.011,1023,487,1023
11.09,30.762,2.021,1023,481,1023
11.30,31.772,1.011,1023,477,1023
11.51,32.783,1.011,1023,470,1023
11.73,33.794,1.011,1023,446,1023
12.04,35.815,2.021,1022,402,1023
12.46,36.826,1.011,1023,380,1023
12.57,38.848,2.021,1023,378,1023
12.88,39.858,1.011,1022,366,1023
13.00,38.848,-1.011,1023,365,1023
13.21,37.837,-1.011,1023,369,1023
13.32,38.848,1.011,1023,366,1023
13.53,39.858,1.011,1023,361,1023
14.05,40.869,1.011,1023,341,1023
14.37,41.880,1.011,1023,338,1023
14.48,40.869,-1.011,1023,336,1023
14.69,38.848,-2.021,1023,355,1023
14.80,34.805,-4.043,1023,404,1023
14.92,32.783,-2.021,1023,457,1023
15.03,28.740,-4.043,1023,523,1023
15.14,27.729,-1.011,1023,558,1023
15.26,26.719,-1.011,1023,668,1023
15.37,24.697,-2.021,1023,700,1023
15.58,23.687,-1.011,1023,755,1023
15.70,22.676,-1.011,1023,768,1023
15.81,21.665,-1.011,1022,777,1023
16.02,20.654,-1.011,1023,853,1023
16.24,19.644,-1.011,1023,936,1022
16.86,18.633,-1.011,1023,1023,1023
16.97,19.644,1.011,1023,1023,1023
17.29,20.654,1.011,1023,1023,1023
17.40,19.644,-1.011,1023,1023,1023
17.71,18.633,-1.011,1023,1023,1023
17.83,19.644,1.011,1023,1023,1023
17.94,20.654,1.011,1022,1023,1023
18.26,19.644,-1.011,1023,971,1023
18.37,20.654,1.011,1023,895,1023
18.48,19.644,-1.011,1023,849,1023
18.59,21.665,2.021,1023,763,1023
18.81,22.676,1.011,1022,772,1023
18.92,23.687,1.011,1023,752,1023
19.13,24.697,1.011,1023,701,1023
19.35,26.719,2.021,1023,630,1023
19.46,27.729,1.011,1023,558,1023
19.67,28.740,1.011,1023,517,1023
19.78,30.762,2.021,1023,510,1023
20.20,31.772,1.011,1023,472,1023
20.31,32.783,1.011,1022,462,1023
20.52,34.805,2.021,1022,453,1023
20.63,33.794,-1.011,1023,451,1023
20.75,34.805,1.011,1023,448,1023
20.96,35.815,1.011,1023,436,1023
21.17,34.805,-1.011,1023,426,1023
21.29,36.826,2.021,1023,423,1023
21.60,35.815,-1.011,1023,411,1023
21.71,36.826,1.011,1023,402,1023
21.82,37.837,1.011,1023,399,1023
21.94,38.848,1.011,1023,393,1023
22.25,37.837,-1.011,1023,385,1023
22.36,38.848,1.011,1023,378,1023
22.48,39.858,1.011,1023,379,1023
22.89,40.869,1.011,1023,363,1023
23.51,42.891,2.021,1023,349,1023
23.62,40.869,-2.021,1023,343,1023
23.73,41.880,1.011,1023,360,1023
23.85,36.826,-5.054,1023,408,1023
23.96,34.805,-2.021,1023,453,1023
24.07,31.772,-3.032,1023,469,1023
24.29,29.751,-2.021,1023,524,1023
24.40,27.729,-2.021,1023,568,1023
24.51,26.719,-1.011,1023,658,1023
24.62,25.708,-1.011,1023,697,1023
24.74,24.697,-1.011,1023,707,1023
24.85,23.687,-1.011,1023,737,1023
25.17,22.676,-1.011,1023,741,1023
25.48,23.687,1.011,1023,745,1023
25.59,22.676,-1.011,1023,765,1022
25.81,21.665,-1.011,1023,778,1023
26.32,20.654,-1.011,1023,825,1023
26.44,19.644,-1.011,1023,865,1023
26.55,20.654,1.011,1023,915,1023
26.76,19.644,-1.011,1022,962,1023
27.18,20.654,1.011,1023,1023,1023
27.29,19.644,-1.011,1023,1023,1023
27.51,18.633,-1.011,1023,1023,1023
27.62,19.644,1.011,1023,1023,1023
27.74,18.633,-1.011,1023,1023,1023
27.85,19.644,1.011,1023,1023,1023
28.27,18.633,-1.011,1022,1023,1023
28.48,19.644,1.011,1023,1023,1023
28.90,20.654,1.011,1023,829,1023
29.01,21.665,1.011,1023,777,1023
29.12,20.654,-1.011,1023,775,1023
29.33,22.676,2.021,1023,772,1023
29.45,21.665,-1.011,1022,773,1022
29.56,22.676,1.011,1023,753,1023
29.67,23.687,1.011,1023,762,1023
29.78,24.697,1.011,1023,723,1023
30.10,25.708,1.011,1023,690,1023
30.21,26.719,1.011,1022,685,1023
30.32,25.708,-1.011,1023,662,1023
30.53,26.719,1.011,1023,648,1023
30.65,25.708,-1.011,1023,645,1023
30.86,26.719,1.011,1023,622,1023
31.18,27.729,1.011,1023,571,1023
31.29,26.719,-1.011,1023,569,1023
31.40,27.729,1.011,1023,551,1023
31.51,28.740,1.011,1023,545,1023
31.72,29.751,1.011,1023,520,1023
31.94,30.762,1.011,1023,512,1023
32.05,31.772,1.011,1023,500,1023
32.26,32.783,1.011,1022,474,1023
32.38,31.772,-1.011,1023,475,1023
32.49,32.783,1.011,1023,473,1023
32.60,33.794,1.011,1022,465,1023
32.71,34.805,1.011,1023,454,1023
32.82,35.815,1.011,1022,444,1023
33.04,36.826,1.011,1023,429,1023
33.25,37.837,1.011,1023,408,1023
33.36,38.848,1.011,1023,402,1023
33.47,39.858,1.011,1023,395,1023
33.59,38.848,-1.011,1023,392,1023
33.70,39.858,1.011,1023,382,1023
33.81,40.869,1.011,1023,379,1023
34.33,41.880,1.011,1023,364,1023
34.44,38.848,-3.032,1022,388,1023
34.65,41.880,3.032,1023,354,1023
34.97,40.869,-1.011,1023,371,1023
35.08,33.794,-7.075,1023,461,1023
35.19,29.751,-4.043,1023,518,1023
35.31,26.719,-3.032,1022,612,1023
35.42,25.708,-1.011,1023,668,1023
35.63,23.687,-2.021,1022,745,1023
35.85,22.676,-1.011,1023,744,1023
36.06,21.665,-1.011,1023,745,1023
36.17,20.654,-1.011,1023,745,1023
36.29,21.665,1.011,1023,777,1023
36.50,20.654,-1.011,1023,771,1023
36.71,18.633,-2.021,1023,780,1023
36.83,19.644,1.011,1023,804,1023
37.04,20.654,1.011,1023,862,1023
37.15,19.644,-1.011,1023,881,1023
37.27,18.633,-1.011,1023,899,1023
37.38,19.644,1.011,1022,971,1023
37.49,20.654,1.011,1022,999,1023
37.60,18.633,-2.021,1023,1023,1023
37.72,17.622,-1.011,1023,1023,1023
37.83,19.644,2.021,1023,1023,1023
37.94,18.633,-1.011,1023,1023,1023
38.06,19.644,1.011,1023,1023,1023
38.17,18.633,-1.011,1023,1023,1023
38.49,17.622,-1.011,1023,1023,1023
38.60,18.633,1.011,1023,1023,1023
38.71,19.644,1.011,1023,1023,1023
38.82,18.633,-1.011,1023,1023,1023
38.94,19.644,1.011,1023,876,1023
39.15,20.654,1.011,1023,777,1023
39.26,21.665,1.011,1023,775,1023
39.38,20.654,-1.011,1023,774,1023
39.49,21.665,1.011,1022,760,1023
39.60,24.697,3.032,1023,754,1023
39.71,25.708,1.011,1023,711,1023
39.82,26.719,1.011,1023,631,1023
40.04,27.729,1.011,1023,533,1023
40.15,29.751,2.021,1023,515,1023
40.36,31.772,2.021,1023,483,1023
40.47,32.783,1.011,1023,472,1023
40.59,33.794,1.011,1023,463,1023
40.80,34.805,1.011,1023,443,1023
41.01,37.837,3.032,1023,421,1023
41.12,36.826,-1.011,1023,414,1023
41.24,37.837,1.011,1023,410,1023
41.35,38.848,1.011,1023,402,1023
41.56,39.858,1.011,1023,389,1023
41.78,40.869,1.011,1023,379,1023
41.89,39.858,-1.011,1023,373,1023
42.00,41.880,2.021,1022,368,1023
42.11,42.891,1.011,1023,360,1023
42.22,43.901,1.011,1023,346,1023
42.34,44.912,1.011,1022,331,1023
42.55,42.891,-2.021,1023,331,1023
42.66,41.880,-1.011,1023,356,1023
42.77,33.794,-8.086,1023,460,1023
42.89,29.751,-4.043,1023,507,1023
43.00,26.719,-3.032,1023,596,1023
43.11,24.697,-2.021,1023,708,1023
43.33,22.676,-2.021,1023,742,1023
43.54,23.687,1.011,1023,735,1023
43.65,22.676,-1.011,1023,748,1023
43.87,21.665,-1.011,1023,778,1023
43.98,19.644,-2.021,1023,776,1022
44.19,20.654,1.011,1023,832,1023
44.41,19.644,-1.011,1023,866,1023
45.33,18.633,-1.011,1022,1023,1023
46.35,19.644,1.011,1023,1023,1023
46.47,18.633,-1.011,1023,1023,1023
46.78,19.644,1.011,1023,1023,1023
47.10,20.654,1.011,1023,792,1023
47.21,21.665,1.011,1023,778,1023
47.32,22.676,1.011,1023,781,1023
47.54,21.665,-1.011,1023,753,1023
47.65,22.676,1.011,1023,742,1023
47.76,24.697,2.021,1023,769,1023
47.87,23.687,-1.011,1023,768,1023
47.98,24.697,1.011,1022,720,1023
48.10,25.708,1.011,1023,707,1023
48.21,26.719,1.011,1023,659,1023
48.52,28.740,2.021,1023,539,1023
48.63,29.751,1.011,1022,526,1023
48.75,30.762,1.011,1023,514,1023
48.96,31.772,1.011,1023,476,1023
49.07,32.783,1.011,1023,471,1023
49.18,34.805,2.021,1023,463,1023
49.29,35.815,1.011,1023,436,1023
49.51,36.826,1.011,1023,424,1023
49.62,38.848,2.021,1023,413,1023
49.73,36.826,-2.021,1023,406,1023
49.95,37.837,1.011,1023,393,1023
50.26,39.858,2.021,1023,379,1023
50.57,40.869,1.011,1023,362,1023
50.79,41.880,1.011,1023,350,1023
50.90,42.891,1.011,1023,343,1023
51.01,43.901,1.011,1022,338,1022
51.33,41.880,-2.021,1023,352,1023
51.44,35.815,-6.064,1023,425,1023
51.55,32.783,-3.032,1022,463,1023
51.66,30.762,-2.021,1023,498,1023
51.78,28.740,-2.021,1023,507,1023
51.89,27.729,-1.011,1023,560,1023
52.00,25.708,-2.021,1023,647,1023
52.22,26.719,1.011,1023,688,1023
52.33,24.697,-2.021,1023,688,1023
52.44,23.687,-1.011,1023,746,1023
52.55,22.676,-1.011,1023,745,1023
52.77,21.665,-1.011,1023,751,1023
52.88,19.644,-2.021,1023,785,1023
53.00,20.654,1.011,1023,776,1023
53.41,19.644,-1.011,1022,1009,1023
53.63,18.633,-1.011,1023,1023,1023
54.04,19.644,1.011,1023,1023,1023
54.26,17.622,-2.021,1023,1023,1023
54.37,18.633,1.011,1023,1023,1023
54.48,19.644,1.011,1023,1023,1023
55.10,18.633,-1.011,1023,1023,1023
55.82,19.644,1.011,1022,1023,1023
56.04,20.654,1.011,1023,937,1023
56.45,21.665,1.011,1023,780,1023
56.67,23.687,2.021,1023,777,1023
56.78,22.676,-1.011,1023,773,1023
56.89,23.687,1.011,1023,775,1023
57.10,25.708,2.021,1023,711,1023
57.22,24.697,-1.011,1023,699,1023
57.33,25.708,1.011,1023,689,1023
57.64,27.729,2.021,1023,562,1023
57.76,26.719,-1.011,1023,551,1023
57.87,27.729,1.011,1023,531,1023
57.98,29.751,2.021,1023,520,1023
58.09,30.762,1.011,1023,508,1023
58.40,33.794,3.032,1023,464,1023
58.62,32.783,-1.011,1023,448,1023
58.73,35.815,3.032,1023,433,1023
59.05,36.826,1.011,1023,391,1023
59.16,38.848,2.021,1023,383,1023
59.27,37.837,-1.011,1023,377,1023
59.38,38.848,1.011,1023,371,1023
59.50,40.869,2.021,1023,353,1023
59.71,41.880,1.011,1023,343,1023
59.82,42.891,1.011,1023,336,1023
60.03,41.880,-1.011,1023,333,1023
60.25,42.891,1.011,1023,326,1023
60.46,44.912,2.021,1023,319,1023
60.57,42.891,-2.021,1023,316,1023
60.69,43.901,1.011,1023,315,1023
60.80,42.891,-1.011,1023,323,1023
61.01,40.869,-2.021,1023,327,1023
61.12,38.848,-2.021,1023,347,1023
61.24,35.815,-3.032,1023,381,1023
