Time(s),Force(N),DeltaF(N),FSR1,FSR2,FSR3
4.25,18.633,-1.011,1023,1023,1023
4.76,19.644,1.011,1023,1023,1023
4.88,18.633,-1.011,1023,1023,1023
5.39,19.644,1.011,1023,1023,1023
5.61,18.633,-1.011,1023,1023,1023
5.72,19.644,1.011,1023,1023,1023
5.83,18.633,-1.011,1023,1022,1023
6.55,19.644,1.011,1022,1023,1023
6.66,18.633,-1.011,1023,1023,1023
6.98,19.644,1.011,1023,1023,1023
7.09,18.633,-1.011,1022,1023,1023
7.20,19.644,1.011,1023,1023,1023
7.31,20.654,1.011,1008,1023,1023
7.43,21.665,1.011,930,1023,1023
7.64,20.654,-1.011,843,1023,1023
7.75,21.665,1.011,835,1023,1023
8.06,22.676,1.011,831,1023,1023
8.17,21.665,-1.011,826,1023,1023
8.49,22.676,1.011,567,1023,1023
8.60,24.697,2.021,551,1023,1023
8.71,23.687,-1.011,544,1023,1023
8.92,24.697,1.011,491,1023,1023
9.14,25.708,1.011,472,1022,1023
9.25,24.697,-1.011,469,1023,1023
9.36,25.708,1.011,464,1023,1023
9.47,26.719,1.011,460,1023,1023
9.68,25.708,-1.011,451,1023,1023
9.79,26.719,1.011,449,1023,1023
10.00,28.740,2.021,441,1022,1023
10.12,27.729,-1.011,439,1023,1023
10.53,28.740,1.011,436,1023,1023
10.64,30.762,2.021,434,1023,1023
11.06,32.783,2.021,437,1023,1023
11.27,31.772,-1.011,436,1023,1023
11.79,32.783,1.011,436,1022,1023
11.90,31.772,-1.011,436,1023,1023
12.02,32.783,1.011,435,1022,1023
12.53,34.805,2.021,435,1023,1023
12.64,33.794,-1.011,435,1022,1022
13.16,32.783,-1.011,434,1022,1021
13.27,33.794,1.011,434,1022,1022
13.49,34.805,1.011,433,1022,1022
13.80,35.815,1.011,421,1022,1022
13.91,34.805,-1.011,421,1022,1022
14.03,35.815,1.011,419,1022,1022
14.14,34.805,-1.011,417,1022,1022
14.25,36.826,2.021,416,1022,1022
14.36,35.815,-1.011,414,1022,1022
14.48,36.826,1.011,412,1022,1022
14.79,35.815,-1.011,412,1022,1022
14.90,36.826,1.011,411,1022,1022
15.01,35.815,-1.011,409,1022,1022
15.13,36.826,1.011,408,1022,1022
15.24,35.815,-1.011,408,1022,1022
15.35,37.837,2.021,407,1023,1022
15.46,36.826,-1.011,408,1021,1022
15.78,38.848,2.021,402,1021,1022
15.89,37.837,-1.011,401,1022,1022
16.00,39.858,2.021,400,1022,1022
16.12,38.848,-1.011,397,1022,1023
16.33,39.858,1.011,394,1022,1022
16.44,40.869,1.011,390,1022,1022
16.65,39.858,-1.011,388,1022,1022
16.77,41.880,2.021,384,1022,1022
16.88,40.869,-1.011,382,1022,1022
16.99,41.880,1.011,381,1022,1022
17.10,40.869,-1.011,382,1022,1022
17.42,42.891,2.021,381,1022,1022
17.53,39.858,-3.032,395,1022,1023
17.64,36.826,-3.032,410,1022,1022
17.76,34.805,-2.021,426,1023,1023
17.87,33.794,-1.011,420,1022,1023
17.98,31.772,-2.021,418,1023,1023
18.10,32.783,1.011,420,1023,1023
18.21,30.762,-2.021,418,1023,1023
18.32,28.740,-2.021,417,1023,1023
18.53,27.729,-1.011,422,1022,1023
18.65,26.719,-1.011,423,1023,1023
18.96,24.697,-2.021,432,1023,1022
19.18,22.676,-2.021,448,1023,1023
19.29,23.687,1.011,451,1023,1023
19.40,22.676,-1.011,453,1023,1023
19.51,21.665,-1.011,453,1022,1023
19.63,22.676,1.011,453,1022,1023
19.74,21.665,-1.011,456,1023,1023
19.85,20.654,-1.011,461,1023,1023
19.96,21.665,1.011,468,1023,1023
20.38,20.654,-1.011,470,1023,1023
20.59,19.644,-1.011,501,1023,1023
20.71,20.654,1.011,534,1023,1023
21.22,18.633,-2.021,940,1023,1023
21.44,19.644,1.011,941,1023,1023
21.65,18.633,-1.011,976,1023,1023
21.97,19.644,1.011,1001,1023,1023
22.18,18.633,-1.011,1023,1022,1022
22.50,19.644,1.011,1022,1022,1023
22.61,18.633,-1.011,1023,1023,1023
23.03,17.622,-1.011,1022,1023,1023
23.14,18.633,1.011,1022,1023,1023
23.66,19.644,1.011,1022,1023,1023
23.77,18.633,-1.011,1022,1023,1023
23.89,19.644,1.011,992,1023,1022
24.20,20.654,1.011,868,1022,1023
24.51,21.665,1.011,843,1023,1022
24.93,23.687,2.021,470,1023,1023
25.14,25.708,2.021,433,1023,1023
25.36,26.719,1.011,422,1023,1023
25.47,28.740,2.021,420,1023,1023
25.58,29.751,1.011,421,1022,1023
25.89,31.772,2.021,421,1023,1023
26.01,32.783,1.011,420,1022,1023
26.12,34.805,2.021,417,1023,1023
26.33,36.826,2.021,404,1023,1023
26.65,38.848,2.021,391,1023,1023
26.76,39.858,1.011,388,1023,1022
26.87,40.869,1.011,382,1023,1023
26.98,41.880,1.011,376,1023,1023
27.60,42.891,1.011,369,1023,1023
27.81,43.901,1.011,367,1022,1022
27.92,42.891,-1.011,367,1022,1023
28.04,43.901,1.011,367,1022,1023
28.15,44.912,1.011,366,1023,1022
28.26,43.901,-1.011,366,1023,1023
28.37,42.891,-1.011,364,1023,1023
28.49,44.912,2.021,364,1023,1023
28.70,45.923,1.011,364,1023,1023
28.81,44.912,-1.011,364,1023,1023
28.92,42.891,-2.021,366,1022,1023
29.04,38.848,-4.043,384,1022,1023
29.15,34.805,-4.043,411,1023,1023
29.26,30.762,-4.043,419,1022,1023
29.38,28.740,-2.021,417,1023,1022
29.49,26.719,-2.021,416,1023,1023
29.70,27.729,1.011,415,1023,1023
29.81,26.719,-1.011,416,1022,1023
30.03,25.708,-1.011,421,1023,1023
30.44,24.697,-1.011,430,1023,1023
30.66,23.687,-1.011,443,1023,1023
30.87,22.676,-1.011,447,1023,1023
30.99,23.687,1.011,447,1022,1023
31.20,22.676,-1.011,448,1022,1023
31.72,21.665,-1.011,459,1023,1023
31.83,20.654,-1.011,467,1023,1023
31.94,21.665,1.011,475,1023,1023
32.26,20.654,-1.011,486,1023,1023
32.47,19.644,-1.011,507,1023,1023
32.58,20.654,1.011,521,1023,1023
33.10,19.644,-1.011,797,1023,1023
33.42,20.654,1.011,885,1022,1023
33.53,19.644,-1.011,948,1023,1023
33.74,18.633,-1.011,949,1023,1022
33.96,19.644,1.011,953,1023,1023
34.07,18.633,-1.011,961,1023,1023
34.18,19.644,1.011,977,1023,1023
34.50,17.622,-2.021,1009,1023,1023
34.61,19.644,2.021,1021,1023,1023
34.72,18.633,-1.011,1021,1023,1023
36.05,19.644,1.011,1006,1023,1023
36.16,18.633,-1.011,1000,1023,1023
36.38,19.644,1.011,970,1023,1023
36.69,20.654,1.011,867,1023,1023
37.01,22.676,2.021,437,1022,1023
37.22,24.697,2.021,420,1023,1023
37.33,25.708,1.011,410,1022,1023
37.44,26.719,1.011,405,1023,1023
37.66,27.729,1.011,401,1023,1023
37.77,29.751,2.021,404,1022,1023
37.88,30.762,1.011,405,1023,1023
37.99,31.772,1.011,408,1023,1022
38.11,33.794,2.021,407,1023,1023
38.22,34.805,1.011,398,1022,1023
38.33,36.826,2.021,392,1023,1023
38.54,39.858,3.032,376,1023,1023
38.65,38.848,-1.011,373,1022,1023
38.77,40.869,2.021,370,1022,1023
39.08,41.880,1.011,364,1023,1023
39.40,42.891,1.011,362,1023,1023
39.51,43.901,1.011,361,1023,1023
39.62,42.891,-1.011,360,1023,1022
40.04,43.901,1.011,360,1023,1023
40.35,44.912,1.011,359,1023,1023
40.46,42.891,-2.021,359,1023,1023
40.57,43.901,1.011,359,1023,1023
40.89,44.912,1.011,359,1023,1023
41.00,43.901,-1.011,358,1022,1023
41.11,42.891,-1.011,361,1023,1023
41.23,40.869,-2.021,364,1023,1023
41.34,42.891,2.021,360,1023,1023
41.55,43.901,1.011,357,1023,1023
41.66,44.912,1.011,358,1023,1023
41.78,45.923,1.011,355,1023,1023
41.89,42.891,-3.032,359,1022,1023
42.00,34.805,-8.086,403,1023,1023
42.11,29.751,-5.054,408,1023,1023
42.23,25.708,-4.043,417,1022,1022
42.34,23.687,-2.021,434,1023,1023
42.45,22.676,-1.011,453,1023,1022
42.56,20.654,-2.021,564,1023,1022
42.68,19.644,-1.011,861,1023,1022
43.40,18.633,-1.011,927,1023,1023
43.71,19.644,1.011,968,1023,1023
44.13,18.633,-1.011,988,1023,1023
44.34,19.644,1.011,975,1023,1022
44.66,18.633,-1.011,1023,1023,1023
44.77,19.644,1.011,1022,1023,1023
45.09,18.633,-1.011,1022,1022,1023
45.30,19.644,1.011,1023,1023,1022
45.62,18.633,-1.011,1006,1023,1022
45.93,19.644,1.011,1022,1023,1023
46.05,18.633,-1.011,1022,1023,1023
46.36,17.622,-1.011,1022,1023,1023
46.48,19.644,2.021,1023,1023,1023
46.59,18.633,-1.011,1022,1023,1023
46.80,19.644,1.011,1022,1023,1023
47.02,18.633,-1.011,964,1023,1023
47.23,19.644,1.011,960,1023,1023
47.75,20.654,1.011,846,1023,1023
47.96,21.665,1.011,821,1023,1023
48.38,22.676,1.011,460,1022,1023
48.59,23.687,1.011,443,1022,1023
48.80,24.697,1.011,435,1023,1023
48.92,23.687,-1.011,430,1022,1023
49.03,25.708,2.021,426,1023,1023
49.14,24.697,-1.011,423,1023,1023
49.25,26.719,2.021,417,1023,1022
49.57,28.740,2.021,407,1023,1023
49.68,29.751,1.011,409,1023,1022
49.79,31.772,2.021,409,1023,1023
49.90,32.783,1.011,408,1023,1023
50.02,33.794,1.011,405,1022,1023
50.13,35.815,2.021,396,1022,1023
50.24,36.826,1.011,392,1023,1023
50.35,37.837,1.011,387,1022,1023
50.46,36.826,-1.011,385,1023,1023
50.58,37.837,1.011,383,1022,1023
50.69,39.858,2.021,377,1023,1023
50.80,38.848,-1.011,375,1022,1023
50.91,39.858,1.011,373,1023,1023
51.02,38.848,-1.011,372,1023,1022
51.14,40.869,2.021,369,1023,1023
51.35,41.880,1.011,364,1023,1023
51.46,40.869,-1.011,363,1022,1022
51.88,41.880,1.011,363,1022,1022
51.99,40.869,-1.011,363,1022,1023
52.20,41.880,1.011,364,1023,1023
52.32,40.869,-1.011,364,1022,1023
52.53,39.858,-1.011,364,1023,1023
52.74,41.880,2.021,362,1023,1023
52.86,42.891,1.011,359,1022,1023
53.07,43.901,1.011,357,1022,1023
53.18,44.912,1.011,358,1022,1023
53.39,43.901,-1.011,356,1022,1023
53.61,41.880,-2.021,360,1023,1023
53.72,36.826,-5.054,387,1022,1023
53.83,33.794,-3.032,403,1023,1023
53.95,31.772,-2.021,408,1023,1023
54.06,29.751,-2.021,407,1022,1023
54.17,28.740,-1.011,406,1023,1022
54.29,26.719,-2.021,406,1023,1023
54.60,25.708,-1.011,408,1023,1022
55.02,23.687,-2.021,419,1023,1023
55.13,22.676,-1.011,426,1023,1023
55.55,20.654,-2.021,433,1023,1023
55.76,19.644,-1.011,450,1022,1023
56.28,20.654,1.011,791,1023,1022
56.39,19.644,-1.011,860,1022,1023
56.50,18.633,-1.011,964,1023,1023
56.82,19.644,1.011,983,1023,1023
57.13,18.633,-1.011,967,1023,1022
57.45,19.644,1.011,978,1023,1023
58.88,18.633,-1.011,961,1023,1023
58.99,19.644,1.011,985,1023,1023
59.10,18.633,-1.011,1022,1023,1023
59.21,19.644,1.011,1023,1022,1022
59.33,18.633,-1.011,1022,1023,1023
59.85,19.644,1.011,1022,1023,1023
59.96,18.633,-1.011,1022,1023,1023
60.88,17.622,-1.011,1022,1023,1023
61.10,18.633,1.011,1022,1023,1023
61.21,19.644,1.011,1023,1023,1023
61.32,18.633,-1.011,1022,1023,1023
