Time(s),Force(N),DeltaF(N),FSR1,FSR2,FSR3
5.66,15.601,-1.011,1023,1023,1023
5.78,16.611,1.011,1023,1023,1023
6.50,15.601,-1.011,1022,1023,1023
6.71,16.611,1.011,1023,1023,1023
6.92,15.601,-1.011,1022,1023,1023
7.04,16.611,1.011,1023,1023,1023
7.15,14.590,-2.021,1023,1023,1023
7.26,16.611,2.021,1023,1023,1023
7.37,15.601,-1.011,1023,1023,1023
7.59,16.611,1.011,1023,1022,1023
7.80,17.622,1.011,1023,1023,1023
7.91,16.611,-1.011,1023,1023,1023
8.23,17.622,1.011,1023,1023,1023
8.34,16.611,-1.011,1023,1023,1023
8.45,15.601,-1.011,1023,1023,1023
8.77,16.611,1.011,1023,1023,1023
8.88,15.601,-1.011,1023,1023,1023
8.99,16.611,1.011,1022,1023,1023
9.10,15.601,-1.011,1023,1023,1023
9.22,16.611,1.011,1023,1023,1023
9.63,15.601,-1.011,1022,1022,1023
9.74,16.611,1.011,1023,1023,1023
9.86,15.601,-1.011,1023,1023,1023
9.97,16.611,1.011,1022,1023,1022
10.79,17.622,1.011,1023,1023,1023
10.90,16.611,-1.011,1023,1023,1023
11.02,17.622,1.011,1023,1023,1023
11.13,15.601,-2.021,1023,1023,1023
11.24,16.611,1.011,1023,1023,1023
11.36,17.622,1.011,1023,1023,1023
11.47,16.611,-1.011,1023,1023,1023
11.58,15.601,-1.011,1023,1023,1023
11.70,16.611,1.011,1023,1023,1023
12.22,15.601,-1.011,1023,1023,1023
12.33,17.622,2.021,1023,1023,1023
12.44,16.611,-1.011,1023,1023,1023
12.76,15.601,-1.011,1022,1023,1023
12.87,17.622,2.021,1023,1023,1023
12.98,16.611,-1.011,1022,1023,1023
13.91,15.601,-1.011,1023,1023,1023
14.02,17.622,2.021,1023,1023,1023
14.14,16.611,-1.011,1023,1023,1023
14.25,17.622,1.011,1023,1023,1023
14.36,16.611,-1.011,1023,1023,1023
15.49,15.601,-1.011,1023,1023,1023
15.80,16.611,1.011,1022,1023,1023
15.92,17.622,1.011,1023,1023,1023
16.13,16.611,-1.011,1023,1023,1023
16.25,17.622,1.011,1023,1023,1023
16.36,16.611,-1.011,1023,1023,1023
16.78,15.601,-1.011,1023,1023,1023
16.89,16.611,1.011,1023,1022,1023
17.20,17.622,1.011,1023,1023,1023
17.32,16.611,-1.011,1023,1023,1023
17.43,15.601,-1.011,1023,1023,1023
17.55,16.611,1.011,1023,1023,1023
18.06,17.622,1.011,1023,1023,1023
18.18,16.611,-1.011,1023,1023,1023
18.49,15.601,-1.011,1023,1023,1023
18.61,16.611,1.011,1023,1023,1023
19.22,17.622,1.011,1023,1023,1023
19.34,16.611,-1.011,1022,1023,1023
19.65,17.622,1.011,1023,1023,1023
19.77,16.611,-1.011,1023,1023,1023
20.18,17.622,1.011,1023,1023,1023
20.30,16.611,-1.011,1023,1023,1023
20.61,17.622,1.011,1023,1023,1023
20.73,16.611,-1.011,1023,1023,1023
20.94,15.601,-1.011,1023,1023,1023
21.06,16.611,1.011,1023,1023,1023
21.27,17.622,1.011,1023,1023,1023
21.38,16.611,-1.011,1023,1023,1023
22.00,15.601,-1.011,1023,1023,1023
22.12,16.611,1.011,1022,1023,1023
22.33,15.601,-1.011,1022,1023,1023
22.45,16.611,1.011,1023,1023,1023
22.86,17.622,1.011,1023,1022,1022
22.97,16.611,-1.011,1023,1023,1023
23.29,17.622,1.011,1023,1023,1023
23.40,16.611,-1.011,1023,1023,1023
23.82,17.622,1.011,1023,1023,1023
23.93,16.611,-1.011,1022,1023,1023
24.05,15.601,-1.011,1023,1023,1023
24.16,16.611,1.011,1023,1023,1023
24.98,28.740,12.129,1023,1023,1023
25.10,33.794,5.054,1022,1023,1023
25.31,34.805,1.011,1023,1023,1023
25.53,35.815,1.011,1023,1023,1023
25.64,33.794,-2.021,1023,1023,1023
25.85,31.772,-2.021,1023,1023,1023
25.97,29.751,-2.021,1023,1023,1023
26.08,24.697,-5.054,1023,1023,1023
26.40,27.729,3.032,1022,1023,1023
26.51,28.740,1.011,1023,1023,1023
26.62,33.794,5.054,1022,1023,1023
26.74,35.815,2.021,1023,1023,1023
26.85,38.848,3.032,1023,1023,1023
27.06,37.837,-1.011,1019,1023,1023
27.18,35.815,-2.021,417,1023,1023
27.29,33.794,-2.021,203,1023,1023
27.40,31.772,-2.021,115,1023,1023
27.52,32.783,1.011,78,1023,1023
27.63,30.762,-2.021,64,1023,1023
27.74,31.772,1.011,58,1022,1023
27.85,29.751,-2.021,58,1023,1023
27.96,30.762,1.011,62,1023,1023
28.17,31.772,1.011,65,1023,1023
28.28,32.783,1.011,67,1023,1023
28.39,30.762,-2.021,67,1022,1023
28.51,27.729,-3.032,67,1023,1023
28.62,24.697,-3.032,68,1023,1023
28.73,16.611,-8.086,66,1023,1023
28.84,15.601,-1.011,66,1023,1023
28.95,16.611,1.011,71,1023,1023
29.47,33.794,17.183,512,1023,1023
29.58,36.826,3.032,1023,1023,1023
29.70,38.848,2.021,1023,1023,1023
29.91,37.837,-1.011,1023,1023,1023
30.02,38.848,1.011,1023,1023,1023
30.14,37.837,-1.011,1022,1023,1023
30.25,35.815,-2.021,1023,1023,1023
30.36,34.805,-1.011,1016,1023,1023
30.58,33.794,-1.011,808,1023,1023
30.79,32.783,-1.011,71,1023,1023
31.01,33.794,1.011,129,1023,1023
31.22,34.805,1.011,371,1023,1023
31.33,33.794,-1.011,1022,1023,1023
31.65,34.805,1.011,1023,1023,1023
31.86,36.826,2.021,1023,1023,1023
31.97,38.848,2.021,1023,1023,1023
32.09,39.858,1.011,1023,1023,1023
32.20,41.880,2.021,1023,1023,1023
32.31,26.719,-15.161,1023,1023,1023
32.43,16.611,-10.107,1023,1023,1023
32.54,15.601,-1.011,1023,1023,1023
32.66,16.611,1.011,1023,1023,1023
32.97,14.590,-2.021,1023,1023,1023
33.09,15.601,1.011,1022,1023,1023
33.20,16.611,1.011,1022,1023,1023
33.62,15.601,-1.011,1023,1023,1023
33.93,16.611,1.011,1023,1023,1023
34.25,15.601,-1.011,1023,1023,1023
34.36,16.611,1.011,1023,1023,1023
34.88,15.601,-1.011,1022,1023,1023
34.99,16.611,1.011,1023,1023,1023
35.11,15.601,-1.011,1023,1023,1023
35.22,16.611,1.011,1023,1023,1023
35.54,15.601,-1.011,1023,1023,1023
35.65,16.611,1.011,1023,1023,1023
35.76,15.601,-1.011,1022,1023,1023
35.88,16.611,1.011,1023,1023,1023
36.29,15.601,-1.011,1023,1023,1023
36.41,16.611,1.011,1022,1023,1023
37.03,15.601,-1.011,1023,1023,1023
37.14,16.611,1.011,1023,1023,1023
37.35,15.601,-1.011,1023,1023,1023
37.47,16.611,1.011,1022,1023,1023
37.58,17.622,1.011,1023,1023,1023
37.69,16.611,-1.011,1022,1023,1023
38.52,17.622,1.011,1023,1023,1023
38.63,15.601,-2.021,1023,1022,1023
38.74,16.611,1.011,1023,1023,1023
38.96,15.601,-1.011,1023,1023,1023
39.07,16.611,1.011,1023,1023,1023
39.59,15.601,-1.011,1023,1023,1023
39.70,16.611,1.011,1023,1023,1023
40.12,15.601,-1.011,1023,1023,1023
40.23,16.611,1.011,1023,1023,1023
40.75,15.601,-1.011,1023,1023,1023
41.07,16.611,1.011,1023,1023,1023
42.09,15.601,-1.011,1022,1023,1023
42.21,16.611,1.011,1023,1023,1023
42.42,15.601,-1.011,1023,1023,1023
42.53,16.611,1.011,1023,1023,1023
42.85,15.601,-1.011,1023,1023,1023
42.96,16.611,1.011,1023,1023,1023
43.68,15.601,-1.011,1023,1023,1023
43.90,16.611,1.011,1023,1023,1023
44.11,15.601,-1.011,1022,1023,1023
44.43,16.611,1.011,1023,1023,1023
44.64,15.601,-1.011,1023,1023,1023
44.76,16.611,1.011,1023,1023,1023
44.87,14.590,-2.021,1023,1023,1023
44.98,16.611,2.021,1023,1023,1023
45.10,15.601,-1.011,1023,1023,1023
45.31,16.611,1.011,1023,1023,1023
45.63,15.601,-1.011,1023,1023,1023
45.74,16.611,1.011,1023,1023,1023
46.16,15.601,-1.011,1023,1023,1023
46.47,16.611,1.011,1023,1023,1023
46.99,15.601,-1.011,1023,1023,1023
47.11,16.611,1.011,1023,1023,1023
47.22,15.601,-1.011,1023,1023,1023
47.43,16.611,1.011,1023,1022,1023
47.65,15.601,-1.011,1023,1023,1023
47.76,16.611,1.011,1023,1023,1023
48.38,15.601,-1.011,1022,1023,1023
48.49,16.611,1.011,1022,1023,1023
48.61,15.601,-1.011,1023,1023,1023
48.82,16.611,1.011,1023,1023,1023
49.44,15.601,-1.011,1023,1023,1023
49.56,16.611,1.011,1023,1023,1023
49.67,15.601,-1.011,1023,1023,1023
49.78,16.611,1.011,1022,1023,1023
49.89,17.622,1.011,1023,1023,1023
50.01,16.611,-1.011,1023,1023,1023
50.22,17.622,1.011,1023,1023,1023
50.34,16.611,-1.011,1023,1023,1023
50.55,15.601,-1.011,1023,1023,1023
50.66,16.611,1.011,1023,1023,1023
50.78,15.601,-1.011,1023,1023,1023
50.89,16.611,1.011,1023,1023,1023
51.11,15.601,-1.011,1023,1022,1023
51.42,16.611,1.011,1023,1023,1023
51.64,15.601,-1.011,1023,1023,1023
51.75,16.611,1.011,1023,1023,1023
52.17,15.601,-1.011,1023,1023,1023
52.28,16.611,1.011,1023,1023,1023
52.39,15.601,-1.011,1023,1023,1023
52.51,16.611,1.011,1023,1023,1023
52.92,15.601,-1.011,1023,1023,1023
53.04,16.611,1.011,1023,1023,1023
53.15,15.601,-1.011,1023,1023,1023
53.57,16.611,1.011,1023,1023,1023
53.78,15.601,-1.011,1023,1023,1023
54.10,16.611,1.011,1023,1023,1023
54.21,15.601,-1.011,1023,1023,1023
54.33,16.611,1.011,1023,1023,1023
54.44,15.601,-1.011,1023,1023,1023
54.55,16.611,1.011,1023,1023,1023
54.87,17.622,1.011,1023,1023,1023
54.98,16.611,-1.011,1023,1023,1023
55.50,15.601,-1.011,1023,1023,1023
55.71,16.611,1.011,1023,1023,1023
55.83,15.601,-1.011,1023,1023,1023
56.04,16.611,1.011,1023,1023,1023
56.15,15.601,-1.011,1023,1023,1023
56.37,16.611,1.011,1023,1023,1023
56.58,17.622,1.011,1023,1023,1023
56.70,16.611,-1.011,1023,1023,1023
56.91,15.601,-1.011,1023,1023,1023
57.03,16.611,1.011,1023,1023,1023
57.34,17.622,1.011,1023,1023,1023
57.45,16.611,-1.011,1023,1023,1023
57.87,15.601,-1.011,1023,1023,1023
57.99,16.611,1.011,1023,1023,1023
58.20,14.590,-2.021,1022,1023,1023
58.31,16.611,2.021,1023,1023,1023
58.73,17.622,1.011,1023,1023,1023
58.84,16.611,-1.011,1023,1023,1023
59.46,15.601,-1.011,1022,1023,1023
59.58,16.611,1.011,1023,1023,1023
59.99,15.601,-1.011,1023,1023,1023
60.11,16.611,1.011,1023,1023,1023
60.22,15.601,-1.011,1023,1023,1023
60.34,16.611,1.011,1023,1023,1023
60.55,15.601,-1.011,1023,1022,1023
60.66,16.611,1.011,1023,1023,1023
60.78,15.601,-1.011,1023,1023,1023
60.89,16.611,1.011,1023,1023,1023
61.10,15.601,-1.011,1023,1023,1023
61.22,17.622,2.021,1023,1023,1023
61.33,16.611,-1.011,1023,1023,1023
61.85,15.601,-1.011,1023,1023,1023
62.06,16.611,1.011,1022,1023,1023
62.18,15.601,-1.011,1022,1023,1023
62.49,16.611,1.011,1023,1023,1023
62.61,15.601,-1.011,1022,1023,1023
62.72,16.611,1.011,1022,1023,1023
63.14,15.601,-1.011,1023,1023,1023
63.25,16.611,1.011,1023,1023,1023
63.36,14.590,-2.021,1022,1023,1023
63.48,15.601,1.011,1023,1023,1023
63.59,16.611,1.011,1023,1023,1023
64.41,15.601,-1.011,1023,1022,1023
64.53,16.611,1.011,1023,1023,1023
64.74,15.601,-1.011,1023,1023,1023
64.85,16.611,1.011,1023,1023,1023
65.17,15.601,-1.011,1023,1023,1023
65.28,16.611,1.011,1023,1023,1023
