Time(s),Force(N),DeltaF(N),FSR1,FSR2,FSR3
4.35,21.665,1.011,1023,1023,1023
4.56,20.654,-1.011,1022,1023,1022
4.77,21.665,1.011,1023,1023,1023
4.99,22.676,1.011,1023,1023,1023
5.10,23.687,1.011,1023,1022,980
5.51,24.697,1.011,1023,1023,930
5.62,23.687,-1.011,1023,1023,947
6.04,24.697,1.011,1023,1023,927
6.15,23.687,-1.011,1023,1023,925
6.36,22.676,-1.011,1023,1022,932
7.08,21.665,-1.011,1023,1023,921
7.19,22.676,1.011,1023,1023,924
7.30,21.665,-1.011,1023,1023,944
7.42,22.676,1.011,1023,1023,940
7.63,23.687,1.011,1023,1023,914
7.74,24.697,1.011,1023,1023,921
8.26,25.708,1.011,1023,1023,882
8.37,26.719,1.011,1023,1023,882
8.48,25.708,-1.011,1023,1023,881
8.69,24.697,-1.011,1023,1022,885
8.80,25.708,1.011,1023,1023,883
8.91,24.697,-1.011,1022,1023,883
9.02,25.708,1.011,1023,1023,881
9.14,26.719,1.011,1023,1022,882
9.25,25.708,-1.011,1023,1023,882
9.36,26.719,1.011,1023,1022,878
10.18,25.708,-1.011,1023,1023,875
10.29,26.719,1.011,1023,1023,872
11.01,27.729,1.011,1023,1023,868
11.93,28.740,1.011,1023,1023,830
12.04,27.729,-1.011,1022,1023,828
12.26,28.740,1.011,1023,1023,823
12.67,29.751,1.011,1022,1023,817
12.78,27.729,-2.021,1023,1023,817
13.00,29.751,2.021,1023,1023,815
13.62,30.762,1.011,1023,1023,812
13.73,29.751,-1.011,1023,1023,811
13.84,28.740,-1.011,1023,1023,810
13.95,29.751,1.011,1023,1023,811
14.47,30.762,1.011,1023,1023,795
14.58,29.751,-1.011,1023,1023,793
14.69,30.762,1.011,1023,1023,788
14.91,29.751,-1.011,1022,1023,786
15.02,30.762,1.011,1022,1023,785
15.23,31.772,1.011,1022,1023,783
15.45,29.751,-2.021,1022,1023,783
15.56,31.772,2.021,1023,1023,783
15.67,30.762,-1.011,1023,1023,781
15.89,31.772,1.011,1023,1023,780
16.00,30.762,-1.011,1022,1023,779
16.21,31.772,1.011,1023,1023,773
16.32,32.783,1.011,1022,1023,771
16.44,31.772,-1.011,1023,1023,768
16.95,30.762,-1.011,1023,1023,747
17.06,31.772,1.011,1022,1023,748
17.28,32.783,1.011,1022,1023,742
17.59,31.772,-1.011,1023,1023,741
17.71,32.783,1.011,1023,1023,739
17.92,31.772,-1.011,1022,1023,737
18.03,32.783,1.011,1023,1022,736
18.25,31.772,-1.011,1023,1023,736
18.36,33.794,2.021,1023,1023,738
18.47,32.783,-1.011,1022,1022,738
18.58,33.794,1.011,1022,1023,735
18.69,32.783,-1.011,1022,1023,732
18.81,33.794,1.011,1023,1023,728
18.92,32.783,-1.011,1023,1023,726
19.03,33.794,1.011,1023,1023,725
19.25,32.783,-1.011,1023,1023,725
19.36,33.794,1.011,1023,1023,726
19.47,32.783,-1.011,1023,1023,728
19.68,33.794,1.011,1023,1023,725
20.10,32.783,-1.011,1023,1023,721
20.21,33.794,1.011,1022,1023,721
20.32,32.783,-1.011,1023,1023,720
20.44,33.794,1.011,1023,1023,720
20.75,34.805,1.011,1022,1023,719
20.86,33.794,-1.011,1023,1023,718
21.18,34.805,1.011,1022,1023,707
21.29,35.815,1.011,1022,1023,698
21.40,34.805,-1.011,1023,1022,695
21.62,35.815,1.011,1022,1022,691
22.23,34.805,-1.011,1023,1023,687
22.35,35.815,1.011,1023,1023,686
22.66,36.826,1.011,1023,1023,687
22.77,35.815,-1.011,1023,1023,686
23.19,36.826,1.011,1023,1023,684
23.30,35.815,-1.011,1022,1023,682
23.41,34.805,-1.011,1023,1022,681
23.63,36.826,2.021,1023,1023,680
23.74,35.815,-1.011,1023,1023,680
23.85,34.805,-1.011,1023,1023,682
23.97,36.826,2.021,1023,1023,682
24.38,35.815,-1.011,1023,1022,680
25.20,36.826,1.011,1023,1023,667
25.72,37.837,1.011,1023,1023,659
25.93,36.826,-1.011,1023,1023,659
26.15,37.837,1.011,1023,1023,659
26.36,38.848,1.011,1023,1022,657
26.78,37.837,-1.011,1023,1023,656
27.09,38.848,1.011,1023,1023,650
27.30,37.837,-1.011,1023,1023,652
28.33,38.848,1.011,1023,1023,651
28.74,37.837,-1.011,1023,1022,651
28.86,38.848,1.011,1022,1023,651
29.27,39.858,1.011,1022,1023,651
29.38,38.848,-1.011,1023,1023,649
29.80,37.837,-1.011,1023,1023,650
29.91,39.858,2.021,1023,1023,632
30.33,38.848,-1.011,1023,1023,628
30.54,39.858,1.011,1023,1022,628
30.86,40.869,1.011,1023,1023,625
30.97,39.858,-1.011,1023,1023,626
31.28,38.848,-1.011,1023,1023,624
31.40,39.858,1.011,1023,1022,624
31.81,38.848,-1.011,1023,1023,621
31.93,39.858,1.011,1022,1022,618
32.04,40.869,1.011,1023,1023,618
32.15,41.880,1.011,1023,1023,615
32.26,40.869,-1.011,1023,1023,616
32.47,41.880,1.011,1023,1023,618
32.59,40.869,-1.011,1023,1023,619
32.90,39.858,-1.011,1023,1023,619
33.42,38.848,-1.011,1023,1023,624
33.53,39.858,1.011,1023,1023,623
33.75,38.848,-1.011,1023,1023,622
33.86,39.858,1.011,1022,1022,621
34.17,40.869,1.011,1023,1023,620
34.29,39.858,-1.011,1022,1023,620
34.40,38.848,-1.011,1023,1023,620
34.51,40.869,2.021,1023,1023,619
34.62,39.858,-1.011,1022,1023,619
34.74,40.869,1.011,1023,1023,618
34.85,39.858,-1.011,1023,1023,619
35.06,38.848,-1.011,1023,1023,619
35.38,37.837,-1.011,1023,1023,649
35.59,36.826,-1.011,1022,1023,661
35.70,35.815,-1.011,1023,1023,671
35.82,34.805,-1.011,1023,1023,680
35.93,36.826,2.021,1023,1023,680
36.04,33.794,-3.032,1023,1022,689
36.46,34.805,1.011,1022,1023,689
36.67,33.794,-1.011,1023,1023,692
36.78,32.783,-1.011,1023,1023,708
36.90,33.794,1.011,1023,1023,707
37.01,32.783,-1.011,1023,1023,720
37.83,34.805,2.021,1023,1023,720
37.94,32.783,-2.021,1023,1023,717
38.05,33.794,1.011,1022,1023,718
38.17,32.783,-1.011,1023,1023,720
38.38,31.772,-1.011,1023,1023,727
38.49,32.783,1.011,1023,1023,727
38.71,31.772,-1.011,1022,1023,731
39.12,32.783,1.011,1022,1023,737
39.24,31.772,-1.011,1023,1023,751
39.45,32.783,1.011,1023,1022,765
39.56,31.772,-1.011,1022,1023,771
39.67,30.762,-1.011,1023,1023,776
39.79,29.751,-1.011,1023,1023,787
39.90,30.762,1.011,1023,1023,791
40.01,31.772,1.011,1023,1023,792
40.12,30.762,-1.011,1022,1023,791
40.44,29.751,-1.011,1023,1023,797
40.55,30.762,1.011,1023,1023,791
40.87,31.772,1.011,1022,1023,792
41.18,30.762,-1.011,1023,1022,797
41.29,31.772,1.011,1023,1023,801
41.40,30.762,-1.011,1023,1023,798
41.52,31.772,1.011,1023,1023,791
41.63,29.751,-2.021,1023,1023,792
41.74,30.762,1.011,1023,1023,792
41.96,29.751,-1.011,1023,1023,803
42.07,30.762,1.011,1023,1022,804
42.18,29.751,-1.011,1023,1023,816
42.39,28.740,-1.011,1023,1023,822
42.51,29.751,1.011,1023,1023,824
43.13,28.740,-1.011,1023,1023,831
43.24,29.751,1.011,1023,1023,831
43.35,28.740,-1.011,1023,1023,836
43.77,27.729,-1.011,1023,1023,869
43.88,28.740,1.011,1023,1023,877
43.99,27.729,-1.011,1023,1023,882
44.61,26.719,-1.011,1023,1023,883
44.93,27.729,1.011,1023,1023,893
45.04,26.719,-1.011,1023,1023,891
45.15,27.729,1.011,1023,1023,888
45.56,26.719,-1.011,1023,1023,893
46.59,25.708,-1.011,1022,1023,896
47.11,26.719,1.011,1023,1023,900
47.22,24.697,-2.021,1023,1023,899
47.33,25.708,1.011,1023,1022,902
47.44,23.687,-2.021,1022,1023,900
47.56,24.697,1.011,1022,1022,900
48.18,25.708,1.011,1023,1023,903
48.29,24.697,-1.011,1023,1023,904
48.50,23.687,-1.011,1023,1023,909
48.71,24.697,1.011,1023,1023,914
48.93,23.687,-1.011,1023,1023,929
49.24,24.697,1.011,1022,1023,919
49.35,23.687,-1.011,1023,1023,926
49.87,22.676,-1.011,1023,1023,921
49.99,24.697,2.021,1022,1023,919
50.20,22.676,-2.021,1022,1023,919
50.31,23.687,1.011,1023,1023,930
50.63,22.676,-1.011,1023,1023,924
51.14,23.687,1.011,1023,1023,911
51.56,22.676,-1.011,1023,1023,916
51.77,23.687,1.011,1023,1023,928
51.88,21.665,-2.021,1023,1023,927
52.00,22.676,1.011,1023,1023,929
52.92,23.687,1.011,1023,1023,922
53.03,22.676,-1.011,1022,1023,928
53.14,21.665,-1.011,1023,1022,925
53.46,22.676,1.011,1023,1023,933
53.57,20.654,-2.021,1023,1023,944
53.68,21.665,1.011,1023,1023,955
53.80,20.654,-1.011,1023,1023,983
54.01,21.665,1.011,1023,1023,1001
54.12,20.654,-1.011,1023,1023,1016
54.34,19.644,-1.011,1023,1023,1016
54.45,20.654,1.011,1023,1023,1015
54.67,19.644,-1.011,1023,1022,1023
54.78,20.654,1.011,1023,1023,1023
55.10,21.665,1.011,1022,1023,1022
55.21,20.654,-1.011,1023,1023,1023
55.32,21.665,1.011,1023,1023,1023
55.54,20.654,-1.011,1023,1023,1023
56.66,19.644,-1.011,1022,1023,1023
56.78,20.654,1.011,1022,1023,1023
56.99,19.644,-1.011,1022,1023,1023
57.10,20.654,1.011,1023,1022,1023
57.22,21.665,1.011,1023,1023,1023
57.33,20.654,-1.011,1023,1023,1023
57.65,19.644,-1.011,1023,1023,1023
57.76,20.654,1.011,1023,1023,1022
57.97,19.644,-1.011,1022,1023,1023
58.09,20.654,1.011,1023,1023,1023
58.20,19.644,-1.011,1023,1023,1023
58.62,20.654,1.011,1023,1023,1023
59.24,19.644,-1.011,1022,1023,1023
59.35,20.654,1.011,1023,1023,1023
59.57,19.644,-1.011,1023,1023,1023
59.68,20.654,1.011,1022,1023,1023
60.00,18.633,-2.021,1023,1023,1023
60.11,19.644,1.011,1023,1022,1023
60.22,20.654,1.011,1023,1023,1023
