Time(s),Force(N),DeltaF(N),FSR1,FSR2,FSR3
4.25,18.633,1.011,1023,1023,1023
4.36,17.622,-1.011,1023,1023,1023
4.57,18.633,1.011,1023,1023,1023
4.68,17.622,-1.011,1023,1023,1023
4.90,18.633,1.011,1023,1022,1022
5.01,16.611,-2.021,1023,1023,1023
5.12,17.622,1.011,1023,1023,1023
5.34,18.633,1.011,1022,1022,1022
5.45,16.611,-2.021,1023,1022,1022
5.76,17.622,1.011,1022,1023,1021
5.87,18.633,1.011,1023,1023,1023
6.09,19.644,1.011,1023,1023,1023
6.20,18.633,-1.011,1023,1023,1005
6.31,19.644,1.011,1023,1022,998
6.42,18.633,-1.011,1023,1022,1022
6.64,19.644,1.011,1023,1023,841
6.85,20.654,1.011,1023,1022,802
6.96,21.665,1.011,1023,1022,805
7.07,20.654,-1.011,1023,1023,807
7.28,21.665,1.011,1023,1023,798
7.70,22.676,1.011,1023,1023,745
7.91,21.665,-1.011,1022,1022,756
8.02,20.654,-1.011,1023,1023,775
8.13,21.665,1.011,1023,1023,771
8.35,20.654,-1.011,1023,1023,779
8.86,19.644,-1.011,1023,1023,740
8.97,20.654,1.011,1023,1023,734
9.39,21.665,1.011,1023,1023,724
9.90,22.676,1.011,1023,1023,709
10.01,21.665,-1.011,1023,1023,735
10.13,22.676,1.011,1022,1023,711
10.44,23.687,1.011,1023,1023,698
10.65,21.665,-2.021,1022,1023,772
10.87,22.676,1.011,1023,1022,756
11.08,23.687,1.011,1023,1023,702
11.40,24.697,1.011,1022,1023,682
11.51,23.687,-1.011,1023,1022,686
11.72,24.697,1.011,1022,1023,676
11.83,23.687,-1.011,1022,1022,674
11.95,24.697,1.011,1023,1023,669
12.26,26.719,2.021,1022,1023,663
12.47,25.708,-1.011,1022,1022,659
12.59,24.697,-1.011,1023,1023,658
12.70,25.708,1.011,1023,1022,656
13.02,26.719,1.011,1023,1023,649
13.23,27.729,1.011,1022,1023,643
13.44,26.719,-1.011,1023,1023,645
14.16,27.729,1.011,1023,1023,639
14.27,28.740,1.011,1023,1023,626
14.39,27.729,-1.011,1023,1023,618
14.70,28.740,1.011,1023,1023,606
14.81,27.729,-1.011,1023,1023,609
15.03,28.740,1.011,1023,1023,607
15.14,29.751,1.011,1023,1023,603
15.25,27.729,-2.021,1023,1023,600
15.46,28.740,1.011,1023,1022,602
15.68,29.751,1.011,1023,1023,597
15.79,28.740,-1.011,1023,1023,600
16.00,27.729,-1.011,1022,1022,606
16.11,28.740,1.011,1023,1023,590
16.63,29.751,1.011,1023,1023,572
16.84,28.740,-1.011,1023,1023,574
17.06,30.762,2.021,1023,1023,570
17.27,28.740,-2.021,1023,1023,565
17.38,30.762,2.021,1022,1022,564
17.60,29.751,-1.011,1023,1023,558
17.71,30.762,1.011,1023,1023,555
18.02,31.772,1.011,1023,1023,545
18.14,30.762,-1.011,1022,1023,542
18.35,31.772,1.011,1022,1022,541
18.46,32.783,1.011,1023,1023,540
18.57,31.772,-1.011,1023,1023,541
18.69,32.783,1.011,1023,1023,539
18.80,31.772,-1.011,1023,1022,537
19.22,30.762,-1.011,1023,1022,537
19.33,31.772,1.011,1023,1023,542
19.44,30.762,-1.011,1023,1023,540
19.76,31.772,1.011,1023,1023,540
19.87,30.762,-1.011,1022,1023,540
19.98,29.751,-1.011,1023,1023,548
20.19,30.762,1.011,1022,1023,556
20.31,29.751,-1.011,1023,1023,555
20.42,28.740,-1.011,1022,1023,553
20.53,29.751,1.011,1023,1022,554
20.75,30.762,1.011,1023,1023,540
20.96,32.783,2.021,1022,1023,522
21.07,31.772,-1.011,1023,1022,521
21.18,32.783,1.011,1023,1023,517
21.30,33.794,1.011,1023,1023,512
21.41,34.805,1.011,1023,1023,510
21.52,33.794,-1.011,1023,1023,509
21.73,34.805,1.011,1023,1023,508
21.85,33.794,-1.011,1023,1023,511
22.26,35.815,2.021,1023,1023,506
22.78,34.805,-1.011,1023,1023,503
22.89,33.794,-1.011,1023,1023,504
23.10,35.815,2.021,1022,1023,503
23.22,34.805,-1.011,1023,1022,505
23.33,35.815,1.011,1023,1023,505
23.64,34.805,-1.011,1023,1022,499
24.16,33.794,-1.011,1023,1023,496
24.27,34.805,1.011,1022,1023,496
24.49,35.815,1.011,1023,1023,494
24.60,34.805,-1.011,1023,1023,495
24.71,35.815,1.011,1022,1023,495
24.82,36.826,1.011,1022,1023,492
25.14,35.815,-1.011,1023,1023,491
25.25,36.826,1.011,1023,1023,492
25.57,34.805,-2.021,1023,1023,493
25.68,35.815,1.011,1023,1022,493
25.79,36.826,1.011,1023,1023,494
26.00,35.815,-1.011,1023,1023,492
26.52,36.826,1.011,1023,1023,493
26.94,38.848,2.021,1023,1023,490
27.05,36.826,-2.021,1023,1023,489
27.16,37.837,1.011,1022,1023,488
27.27,36.826,-1.011,1023,1023,491
27.39,38.848,2.021,1023,1022,487
27.50,37.837,-1.011,1023,1023,487
27.71,36.826,-1.011,1023,1023,489
27.83,39.858,3.032,1023,1022,489
27.94,37.837,-2.021,1023,1023,488
28.05,38.848,1.011,1022,1023,489
28.16,37.837,-1.011,1023,1023,485
28.27,38.848,1.011,1023,1023,485
28.49,37.837,-1.011,1023,1023,489
28.60,39.858,2.021,1023,1023,486
28.71,38.848,-1.011,1022,1023,485
29.23,39.858,1.011,1023,1023,482
29.34,38.848,-1.011,1023,1023,480
29.76,39.858,1.011,1023,1023,467
29.97,38.848,-1.011,1023,1023,461
30.08,40.869,2.021,1023,1023,456
30.20,39.858,-1.011,1023,1023,453
30.31,40.869,1.011,1022,1023,451
30.42,39.858,-1.011,1022,1023,446
30.53,41.880,2.021,1023,1023,443
30.65,40.869,-1.011,1023,1023,440
30.86,39.858,-1.011,1023,1023,437
31.28,38.848,-1.011,1022,1023,444
31.39,36.826,-2.021,1023,1023,454
31.50,35.815,-1.011,1022,1022,473
31.62,34.805,-1.011,1023,1023,485
31.73,33.794,-1.011,1023,1023,487
31.84,34.805,1.011,1023,1023,484
32.15,35.815,1.011,1023,1023,478
32.37,34.805,-1.011,1023,1022,481
32.68,33.794,-1.011,1023,1023,485
32.90,34.805,1.011,1023,1023,486
33.11,32.783,-2.021,1023,1023,483
33.22,33.794,1.011,1022,1022,488
33.34,32.783,-1.011,1023,1023,489
33.45,33.794,1.011,1023,1023,497
33.56,32.783,-1.011,1023,1023,495
33.67,33.794,1.011,1023,1023,496
33.79,31.772,-2.021,1022,1023,521
34.30,30.762,-1.011,1023,1023,531
34.52,29.751,-1.011,1022,1023,543
34.63,30.762,1.011,1023,1023,553
34.74,29.751,-1.011,1023,1023,558
34.96,28.740,-1.011,1022,1022,564
35.07,27.729,-1.011,1023,1023,567
35.18,28.740,1.011,1023,1023,568
35.29,27.729,-1.011,1023,1023,569
35.51,28.740,1.011,1022,1023,583
35.62,26.719,-2.021,1023,1023,591
35.83,27.729,1.011,1022,1023,601
35.95,26.719,-1.011,1023,1023,604
36.46,25.708,-1.011,1023,1023,620
36.58,26.719,1.011,1023,1022,632
36.69,24.697,-2.021,1022,1023,639
37.21,23.687,-1.011,1022,1023,660
37.42,24.697,1.011,1022,1022,666
37.63,23.687,-1.011,1023,1023,667
37.95,22.676,-1.011,1022,1022,670
38.16,23.687,1.011,1022,1023,668
38.28,22.676,-1.011,1022,1022,666
38.39,23.687,1.011,1023,1023,666
38.50,22.676,-1.011,1022,1023,668
38.71,21.665,-1.011,1022,1023,671
38.93,22.676,1.011,1023,1023,670
39.04,21.665,-1.011,1023,1023,673
39.86,20.654,-1.011,1023,1023,676
39.97,21.665,1.011,1023,1023,681
40.09,20.654,-1.011,1023,1023,687
40.40,19.644,-1.011,1023,1023,727
40.51,20.654,1.011,1023,1023,734
40.63,21.665,1.011,1023,1023,740
40.74,20.654,-1.011,1022,1023,755
40.85,19.644,-1.011,1023,1023,755
41.27,20.654,1.011,1023,1023,791
41.58,19.644,-1.011,1022,1023,799
41.69,20.654,1.011,1022,1022,799
41.81,19.644,-1.011,1023,1023,804
42.12,18.633,-1.011,1023,1023,817
42.23,19.644,1.011,1022,1023,801
42.35,20.654,1.011,1022,1022,801
42.46,19.644,-1.011,1022,1023,797
42.57,20.654,1.011,1023,1023,777
42.88,21.665,1.011,1023,1022,732
43.00,22.676,1.011,1023,1023,716
43.31,23.687,1.011,1022,1023,679
43.42,24.697,1.011,1023,1023,668
43.63,25.708,1.011,1022,1022,658
43.75,24.697,-1.011,1022,1022,658
43.96,26.719,2.021,1023,1023,647
44.07,25.708,-1.011,1023,1022,635
44.19,26.719,1.011,1022,1023,624
44.50,28.740,2.021,1023,1023,594
44.61,27.729,-1.011,1022,1023,583
44.72,28.740,1.011,1022,1023,576
44.94,29.751,1.011,1023,1023,569
45.25,28.740,-1.011,1023,1023,553
45.37,30.762,2.021,1023,1023,547
45.68,31.772,1.011,1023,1023,531
46.40,32.783,1.011,1022,1023,517
46.81,31.772,-1.011,1023,1023,515
47.03,32.783,1.011,1022,1023,513
47.14,31.772,-1.011,1022,1023,513
47.35,32.783,1.011,1023,1023,509
47.77,31.772,-1.011,1023,1023,509
48.29,30.762,-1.011,1022,1023,519
48.50,31.772,1.011,1022,1023,518
48.71,32.783,1.011,1023,1023,511
49.13,29.751,-3.032,1023,1023,527
49.24,31.772,2.021,1023,1023,524
49.36,30.762,-1.011,1023,1023,522
49.47,31.772,1.011,1023,1023,514
49.58,32.783,1.011,1023,1023,511
49.79,33.794,1.011,1023,1022,503
50.01,34.805,1.011,1023,1023,498
50.22,35.815,1.011,1023,1023,496
50.53,36.826,1.011,1023,1023,490
50.75,35.815,-1.011,1022,1022,487
50.86,36.826,1.011,1023,1023,486
50.97,37.837,1.011,1023,1023,481
51.29,38.848,1.011,1023,1022,449
51.60,39.858,1.011,1022,1023,441
51.81,38.848,-1.011,1023,1023,435
52.03,39.858,1.011,1023,1023,430
52.34,38.848,-1.011,1023,1023,425
52.45,39.858,1.011,1023,1023,423
52.57,40.869,1.011,1022,1023,422
52.88,41.880,1.011,1023,1022,418
52.99,35.815,-6.064,1023,1023,449
53.11,32.783,-3.032,1023,1023,515
53.22,30.762,-2.021,1022,1023,531
53.43,28.740,-2.021,1023,1023,565
53.65,26.719,-2.021,1023,1023,641
53.76,24.697,-2.021,1023,1023,651
54.07,23.687,-1.011,1023,1023,689
54.19,22.676,-1.011,1022,1023,717
54.30,21.665,-1.011,1022,1023,722
54.62,20.654,-1.011,1023,1023,789
54.73,19.644,-1.011,1022,1023,795
54.84,20.654,1.011,1023,1023,799
54.95,19.644,-1.011,1023,1023,830
55.06,18.633,-1.011,1022,1023,831
55.28,17.622,-1.011,1023,1023,859
55.39,18.633,1.011,1023,1023,859
55.81,17.622,-1.011,1023,1022,1023
56.02,16.611,-1.011,1023,1023,1023
56.14,17.622,1.011,1023,1023,1023
56.25,16.611,-1.011,1023,1022,1023
56.36,17.622,1.011,1022,1022,1022
56.48,18.633,1.011,1023,1023,1023
56.59,17.622,-1.011,1023,1023,1023
57.11,16.611,-1.011,1023,1023,1022
57.22,17.622,1.011,1023,1023,1023
57.34,15.601,-2.021,1022,1023,1023
57.45,17.622,2.021,1023,1023,1023
57.56,16.611,-1.011,1023,1023,1023
57.68,17.622,1.011,1022,1023,1023
57.89,16.611,-1.011,1023,1023,1023
58.31,17.622,1.011,1022,1023,1023
58.72,16.611,-1.011,1023,1023,1023
58.94,17.622,1.011,1023,1022,1023
59.25,16.611,-1.011,1023,1023,1022
59.47,17.622,1.011,1023,1023,1023
59.68,16.611,-1.011,1022,1023,1022
59.80,17.622,1.011,1023,1023,1023
59.91,18.633,1.011,1022,1022,1023
60.02,17.622,-1.011,1023,1022,1023
