Time(s),Force(N),DeltaF(N),FSR1,FSR2,FSR3
4.25,20.654,1.011,1022,1023,1023
4.36,19.644,-1.011,1023,1023,1023
4.47,20.654,1.011,1023,1022,1023
4.58,19.644,-1.011,1022,1022,1023
4.90,20.654,1.011,1023,1022,1023
5.01,19.644,-1.011,1022,1023,1023
5.12,20.654,1.011,1022,1022,1023
5.23,19.644,-1.011,1022,1022,1023
5.35,20.654,1.011,1022,1022,1023
5.56,19.644,-1.011,1022,1022,1023
5.67,20.654,1.011,1022,1023,1023
5.78,19.644,-1.011,1023,1022,1023
6.30,21.665,2.021,1022,1023,1023
6.41,20.654,-1.011,1023,928,1022
6.53,22.676,2.021,1023,544,1022
6.64,23.687,1.011,1022,481,1023
6.85,24.697,1.011,1022,437,1023
6.96,25.708,1.011,1023,410,1022
7.07,26.719,1.011,1022,404,1023
7.28,25.708,-1.011,1022,410,1023
7.39,26.719,1.011,1022,414,1023
7.50,25.708,-1.011,1023,423,1023
7.62,26.719,1.011,1022,413,1022
7.73,25.708,-1.011,1022,404,1023
7.84,26.719,1.011,1022,397,1023
7.95,27.729,1.011,1022,393,1023
8.16,28.740,1.011,1023,386,1022
8.27,27.729,-1.011,1022,381,1022
8.38,28.740,1.011,1023,375,1023
8.80,29.751,1.011,1023,356,1022
9.11,28.740,-1.011,1022,358,1022
9.22,29.751,1.011,1023,361,1023
9.33,28.740,-1.011,1022,357,1023
9.45,29.751,1.011,1023,362,1022
9.66,28.740,-1.011,1022,359,1023
9.77,29.751,1.011,1022,363,1022
9.88,28.740,-1.011,1022,366,1023
10.50,29.751,1.011,1022,355,1022
10.71,30.762,1.011,1022,349,1023
11.03,31.772,1.011,1022,340,1022
11.14,32.783,1.011,1022,330,1022
11.25,31.772,-1.011,1022,330,1023
11.46,32.783,1.011,1023,330,1022
11.58,30.762,-2.021,1023,332,1023
11.69,31.772,1.011,1022,333,1022
11.80,30.762,-1.011,1022,334,1022
12.02,31.772,1.011,1023,326,1023
12.53,32.783,1.011,1022,320,1023
12.64,33.794,1.011,1022,312,1022
12.96,32.783,-1.011,1022,307,1022
13.37,30.762,-2.021,1022,350,1022
13.49,28.740,-2.021,1022,383,1022
13.60,26.719,-2.021,1023,386,1022
13.71,28.740,2.021,1022,368,1023
14.03,27.729,-1.011,1022,365,1022
14.14,26.719,-1.011,1022,390,1022
14.25,27.729,1.011,1023,375,1023
14.36,26.719,-1.011,1022,344,1023
14.48,28.740,2.021,1022,320,1022
14.59,30.762,2.021,1022,315,1023
14.70,31.772,1.011,1022,296,1023
15.02,32.783,1.011,1022,288,1022
15.13,31.772,-1.011,1022,291,1022
15.24,30.762,-1.011,1023,291,1023
15.46,31.772,1.011,1022,292,1023
15.57,29.751,-2.021,1022,303,1023
15.78,30.762,1.011,1022,293,1023
16.50,31.772,1.011,1022,281,1022
16.71,32.783,1.011,1023,272,1023
16.82,33.794,1.011,1022,267,1022
17.04,34.805,1.011,1022,265,1023
17.86,35.815,1.011,1023,258,1022
18.07,36.826,1.011,1022,256,1022
18.18,38.848,2.021,1022,254,1023
18.29,37.837,-1.011,1022,256,1022
18.81,36.826,-1.011,1023,255,1023
18.92,37.837,1.011,1022,255,1022
19.04,36.826,-1.011,1022,256,1023
19.15,37.837,1.011,1023,255,1022
19.36,38.848,1.011,1022,253,1023
19.78,39.858,1.011,1023,252,1022
20.09,40.869,1.011,1023,251,1022
20.20,39.858,-1.011,1023,252,1022
20.52,40.869,1.011,1022,250,1022
20.73,39.858,-1.011,1022,251,1022
21.05,38.848,-1.011,1022,250,1022
21.16,39.858,1.011,1022,250,1023
21.37,35.815,-4.043,1022,265,1022
21.49,31.772,-4.043,1022,308,1023
21.60,28.740,-3.032,1022,351,1022
21.81,26.719,-2.021,1022,429,1022
21.93,24.697,-2.021,1023,494,1023
22.24,23.687,-1.011,1022,520,1023
22.46,22.676,-1.011,1022,549,1023
22.77,21.665,-1.011,1022,553,1023
22.88,22.676,1.011,1022,564,1022
23.00,21.665,-1.011,1022,572,1023
23.21,20.654,-1.011,1022,684,1023
23.53,21.665,1.011,1022,720,1023
23.64,20.654,-1.011,1022,740,1023
23.75,21.665,1.011,1022,769,1023
23.96,20.654,-1.011,1022,851,1022
24.28,19.644,-1.011,1022,924,1023
24.59,20.654,1.011,1023,913,1022
24.81,19.644,-1.011,1022,1022,1022
24.92,20.654,1.011,1021,1022,1022
25.24,21.665,1.011,1022,931,1023
25.35,20.654,-1.011,1022,1022,1022
25.46,19.644,-1.011,1022,1023,1022
25.88,20.654,1.011,1022,958,1022
26.40,19.644,-1.011,1022,757,1023
26.51,20.654,1.011,1022,1023,1023
26.72,19.644,-1.011,1022,1022,1022
26.84,20.654,1.011,1023,1023,1023
27.15,19.644,-1.011,1022,1022,1022
27.37,18.633,-1.011,1022,1022,1023
27.48,19.644,1.011,1022,1023,1023
27.59,20.654,1.011,1022,1022,1023
27.71,19.644,-1.011,1022,1022,1022
28.02,18.633,-1.011,1022,1023,1023
28.14,19.644,1.011,1022,1023,1023
28.25,20.654,1.011,1022,1023,1023
28.36,18.633,-2.021,1023,1022,1023
28.48,19.644,1.011,1022,681,1023
28.69,20.654,1.011,1022,649,1023
28.90,21.665,1.011,1023,575,1022
29.12,20.654,-1.011,1022,538,1023
29.23,22.676,2.021,1023,495,1023
29.34,23.687,1.011,1022,449,1023
29.66,24.697,1.011,1022,313,1022
29.77,25.708,1.011,1022,321,1022
29.98,24.697,-1.011,1022,369,1023
30.09,26.719,2.021,1022,354,1023
30.31,28.740,2.021,1022,308,1022
30.52,29.751,1.011,1022,274,1023
30.63,30.762,1.011,1023,269,1023
30.74,31.772,1.011,1022,264,1023
31.06,32.783,1.011,1022,259,1023
31.17,33.794,1.011,1023,257,1022
31.28,32.783,-1.011,1022,258,1022
31.60,33.794,1.011,1022,256,1023
31.71,34.805,1.011,1022,254,1022
31.92,35.815,1.011,1023,253,1022
32.13,34.805,-1.011,1022,254,1023
32.75,35.815,1.011,1022,253,1022
32.87,36.826,1.011,1022,246,1022
32.98,35.815,-1.011,1022,247,1023
33.09,36.826,1.011,1023,248,1022
33.20,35.815,-1.011,1023,247,1023
33.42,36.826,1.011,1022,246,1023
33.53,37.837,1.011,1022,246,1023
33.64,36.826,-1.011,1022,246,1023
33.85,37.837,1.011,1023,246,1022
33.97,36.826,-1.011,1022,245,1022
34.28,38.848,2.021,1022,242,1023
34.39,37.837,-1.011,1022,241,1023
34.51,36.826,-1.011,1022,240,1023
34.72,38.848,2.021,1022,238,1023
34.93,39.858,1.011,1022,230,1022
35.35,40.869,1.011,1022,222,1022
35.56,41.880,1.011,1023,219,1022
35.67,40.869,-1.011,1022,218,1022
35.79,41.880,1.011,1023,218,1022
35.90,39.858,-2.021,1022,217,1022
36.01,40.869,1.011,1022,216,1022
36.12,41.880,1.011,1022,216,1023
36.24,40.869,-1.011,1023,216,1022
36.35,41.880,1.011,1023,216,1023
36.56,40.869,-1.011,1022,215,1023
36.67,41.880,1.011,1022,215,1022
36.99,40.869,-1.011,1022,214,1022
37.10,41.880,1.011,1023,215,1022
37.21,39.858,-2.021,1022,219,1022
37.33,36.826,-3.032,1022,243,1023
37.44,34.805,-2.021,1022,252,1023
37.55,32.783,-2.021,1023,254,1022
37.77,31.772,-1.011,1023,257,1022
37.98,29.751,-2.021,1023,272,1022
38.09,28.740,-1.011,1022,291,1022
38.21,27.729,-1.011,1022,305,1022
38.32,26.719,-1.011,1022,324,1022
38.53,25.708,-1.011,1023,359,1022
38.75,24.697,-1.011,1022,372,1023
39.16,23.687,-1.011,1022,435,1022
39.28,24.697,1.011,1022,448,1022
39.39,23.687,-1.011,1022,480,1022
39.50,22.676,-1.011,1022,508,1023
40.02,21.665,-1.011,1022,562,1023
40.13,22.676,1.011,1022,569,1023
40.24,21.665,-1.011,1022,568,1022
40.86,20.654,-1.011,1022,650,1023
40.97,21.665,1.011,1022,681,1023
41.09,19.644,-2.021,1022,684,1023
41.20,20.654,1.011,1022,683,1022
41.62,21.665,1.011,1022,673,1022
41.73,19.644,-2.021,1022,671,1022
41.84,20.654,1.011,1022,668,1023
42.15,18.633,-2.021,1022,646,1023
42.27,20.654,2.021,1022,647,1022
42.78,21.665,1.011,1023,654,1022
42.90,19.644,-2.021,1022,656,1022
43.01,20.654,1.011,1022,660,1022
43.22,19.644,-1.011,1022,660,1023
43.33,20.654,1.011,1022,652,1022
43.75,19.644,-1.011,1022,744,1023
43.86,20.654,1.011,1023,743,1022
43.97,19.644,-1.011,1022,783,1022
44.09,20.654,1.011,1023,752,1022
44.20,19.644,-1.011,1022,677,1022
44.62,20.654,1.011,1022,656,1023
44.73,19.644,-1.011,1022,657,1022
44.84,20.654,1.011,1022,614,1022
45.15,21.665,1.011,1022,579,1022
45.47,22.676,1.011,1022,481,1023
45.58,23.687,1.011,1022,447,1023
46.00,24.697,1.011,1021,355,1022
46.11,25.708,1.011,1022,344,1022
46.32,26.719,1.011,1022,317,1022
46.64,28.740,2.021,1023,277,1022
46.85,30.762,2.021,1022,265,1022
47.26,31.772,1.011,1022,260,1022
47.38,32.783,1.011,1022,259,1022
47.69,33.794,1.011,1022,257,1022
48.21,34.805,1.011,1023,254,1022
48.32,35.815,1.011,1022,253,1022
48.43,34.805,-1.011,1022,252,1023
48.54,35.815,1.011,1022,251,1022
48.76,36.826,1.011,1022,248,1023
49.07,37.837,1.011,1022,245,1022
49.69,38.848,1.011,1022,241,1022
49.90,37.837,-1.011,1022,239,1023
50.02,38.848,1.011,1023,235,1023
50.23,39.858,1.011,1022,233,1023
50.44,38.848,-1.011,1022,231,1023
50.55,39.858,1.011,1022,231,1023
50.77,38.848,-1.011,1022,231,1023
50.88,39.858,1.011,1022,231,1023
50.99,38.848,-1.011,1022,231,1022
51.11,39.858,1.011,1022,231,1022
51.42,40.869,1.011,1022,230,1022
51.63,39.858,-1.011,1022,228,1023
51.75,40.869,1.011,1022,228,1022
52.16,41.880,1.011,1022,226,1022
52.27,40.869,-1.011,1023,227,1023
52.79,41.880,1.011,1022,226,1022
53.00,42.891,1.011,1022,224,1023
53.12,41.880,-1.011,1022,223,1022
53.23,40.869,-1.011,1021,223,1022
53.34,42.891,2.021,1022,220,1022
53.45,43.901,1.011,1022,219,1022
53.56,42.891,-1.011,1022,221,1022
53.68,36.826,-6.064,1023,245,1022
53.79,31.772,-5.054,1023,256,1023
53.90,30.762,-1.011,1023,273,1022
54.02,27.729,-3.032,1023,291,1023
54.13,25.708,-2.021,1022,300,1023
54.24,26.719,1.011,1023,308,1022
54.35,25.708,-1.011,1023,312,1022
54.47,24.697,-1.011,1023,324,1022
54.68,22.676,-2.021,1022,364,1022
55.00,21.665,-1.011,1022,433,1022
55.11,22.676,1.011,1023,487,1023
55.22,21.665,-1.011,1022,586,1022
55.33,22.676,1.011,1022,597,1023
55.45,21.665,-1.011,1022,624,1022
55.56,20.654,-1.011,1021,650,1022
55.97,21.665,1.011,1022,679,1022
56.09,20.654,-1.011,1022,663,1023
56.30,21.665,1.011,1022,669,1022
56.41,20.654,-1.011,1022,675,1023
56.53,21.665,1.011,1022,653,1023
56.74,20.654,-1.011,1023,665,1023
56.85,21.665,1.011,1022,652,1023
56.96,20.654,-1.011,1022,666,1023
57.28,19.644,-1.011,1022,645,1023
57.39,21.665,2.021,1022,646,1023
57.50,20.654,-1.011,1023,635,1023
57.82,21.665,1.011,1023,617,1022
58.03,20.654,-1.011,1022,616,1023
58.15,21.665,1.011,1022,612,1022
58.26,20.654,-1.011,1023,607,1023
58.37,22.676,2.021,1023,598,1023
58.58,21.665,-1.011,1023,476,1023
58.70,23.687,2.021,1022,438,1022
58.81,22.676,-1.011,1022,437,1023
59.02,20.654,-2.021,1022,752,1023
59.74,18.633,-2.021,1022,1022,1023
59.86,20.654,2.021,1022,1022,1022
60.07,19.644,-1.011,1022,1022,1022
60.39,20.654,1.011,1022,1022,1023
60.50,19.644,-1.011,1022,1023,1022
60.61,20.654,1.011,1022,1023,1023
61.13,19.644,-1.011,1022,1022,1023
61.25,20.654,1.011,1022,1023,1023
