Time(s),Force(N),DeltaF(N),FSR1,FSR2,FSR3
4.45,21.665,1.011,1022,1023,1023
4.56,20.654,-1.011,1023,1022,1023
4.88,19.644,-1.011,1022,1023,1023
4.99,21.665,2.021,1023,1022,1023
5.10,20.654,-1.011,1023,1023,1023
6.22,19.644,-1.011,1022,1022,1023
6.34,20.654,1.011,1023,1023,1022
6.85,21.665,1.011,1023,1023,896
6.97,20.654,-1.011,1023,1022,898
7.28,19.644,-1.011,1023,1023,832
7.39,20.654,1.011,1023,1023,824
7.60,19.644,-1.011,1023,1023,820
7.72,21.665,2.021,1022,1022,813
7.83,20.654,-1.011,1023,1023,814
8.14,21.665,1.011,1023,1023,724
8.45,22.676,1.011,1023,1022,794
8.77,21.665,-1.011,1022,1023,786
8.88,22.676,1.011,1023,1022,778
8.99,24.697,2.021,1023,1023,776
9.10,25.708,1.011,1023,1023,766
9.21,26.719,1.011,1023,1023,755
9.52,27.729,1.011,1023,1022,746
9.63,28.740,1.011,1022,1023,745
9.75,29.751,1.011,1022,1022,737
10.06,30.762,1.011,1021,1023,728
10.37,31.772,1.011,1022,1023,721
10.69,32.783,1.011,1022,1023,714
10.90,31.772,-1.011,1023,1023,714
11.01,32.783,1.011,1022,1023,714
11.23,33.794,1.011,1023,1023,712
11.54,32.783,-1.011,1023,1022,710
11.65,34.805,2.021,1023,1023,713
11.77,33.794,-1.011,1022,1023,709
11.88,34.805,1.011,1023,1023,712
11.99,35.815,1.011,1023,1023,710
12.10,33.794,-2.021,1022,1023,711
12.32,35.815,2.021,1022,1023,710
12.43,34.805,-1.011,1023,1023,707
12.64,33.794,-1.011,1021,1023,708
12.75,35.815,2.021,1023,1023,705
12.87,34.805,-1.011,1022,1023,705
13.08,35.815,1.011,1022,1023,707
13.19,36.826,1.011,1022,1022,705
13.71,37.837,1.011,1022,1023,701
14.13,38.848,1.011,1022,1023,699
14.24,37.837,-1.011,1023,1023,698
14.35,38.848,1.011,1022,1023,698
14.56,39.858,1.011,1023,1023,697
14.67,38.848,-1.011,1022,1023,696
14.79,39.858,1.011,1023,1023,697
14.90,38.848,-1.011,1023,1023,698
15.01,37.837,-1.011,1023,1023,698
15.13,38.848,1.011,1022,1023,697
15.24,39.858,1.011,1023,1023,697
15.75,40.869,1.011,1022,1023,695
15.97,39.858,-1.011,1022,1023,693
16.18,40.869,1.011,1022,1023,691
16.39,39.858,-1.011,1023,1023,697
16.51,40.869,1.011,1022,1022,695
16.72,39.858,-1.011,1023,1023,692
17.03,41.880,2.021,1023,1023,689
17.15,40.869,-1.011,1022,1023,690
17.36,39.858,-1.011,1020,1022,690
17.47,35.815,-4.043,1023,1023,699
17.59,32.783,-3.032,1020,1023,711
17.70,28.740,-4.043,1023,1023,729
17.81,26.719,-2.021,1023,1023,744
17.93,24.697,-2.021,1022,1023,755
18.04,25.708,1.011,1023,1023,764
18.15,23.687,-2.021,1023,1023,776
18.26,22.676,-1.011,1023,1023,781
18.38,23.687,1.011,1023,1023,779
18.49,22.676,-1.011,1023,1023,788
18.60,21.665,-1.011,1023,1022,810
18.92,20.654,-1.011,1023,1023,819
19.03,21.665,1.011,1023,1023,826
19.14,20.654,-1.011,1023,1023,816
19.35,21.665,1.011,1023,1023,828
19.47,20.654,-1.011,1021,1023,831
19.88,21.665,1.011,1022,1023,829
20.00,20.654,-1.011,1022,1023,825
21.32,19.644,-1.011,1022,1023,826
21.43,21.665,2.021,1022,1023,825
21.65,20.654,-1.011,1022,1023,821
22.06,19.644,-1.011,1023,1023,821
22.18,20.654,1.011,1023,1023,823
22.69,19.644,-1.011,1023,1023,825
22.81,20.654,1.011,1023,1022,845
23.12,19.644,-1.011,1023,1023,865
23.74,20.654,1.011,1023,1023,922
24.05,21.665,1.011,1023,1023,1021
24.17,20.654,-1.011,1023,1023,1022
24.89,19.644,-1.011,1023,1023,1023
25.00,20.654,1.011,1022,1023,1023
25.32,19.644,-1.011,1023,1023,1023
25.43,20.654,1.011,1023,1023,1022
25.54,19.644,-1.011,1022,1023,1023
25.66,20.654,1.011,1023,1023,1021
26.08,21.665,1.011,1021,1022,801
26.19,22.676,1.011,1023,1023,798
26.30,23.687,1.011,1023,1023,785
26.41,25.708,2.021,1023,1022,771
26.52,26.719,1.011,1023,1023,758
26.74,28.740,2.021,1023,1022,740
26.95,29.751,1.011,1023,1023,732
27.06,30.762,1.011,1023,1023,731
27.27,29.751,-1.011,1022,1023,726
27.39,30.762,1.011,1022,1023,725
27.70,31.772,1.011,1019,1023,719
28.12,32.783,1.011,1023,1023,716
28.23,31.772,-1.011,1022,1023,715
28.34,33.794,2.021,1023,1023,717
28.65,32.783,-1.011,1021,1023,713
28.77,33.794,1.011,1023,1023,713
29.28,34.805,1.011,1023,1022,712
29.40,35.815,1.011,1023,1023,710
29.81,36.826,1.011,1023,1022,706
30.02,37.837,1.011,1023,1022,707
30.14,38.848,1.011,1023,1023,704
30.25,37.837,-1.011,1023,1023,699
30.36,38.848,1.011,1023,1023,698
30.47,39.858,1.011,1023,1023,695
30.79,38.848,-1.011,1023,1023,689
30.90,40.869,2.021,1023,1023,688
31.01,39.858,-1.011,1022,1023,687
31.13,40.869,1.011,1022,1023,691
31.24,39.858,-1.011,1023,1023,692
31.45,40.869,1.011,1022,1023,682
31.56,39.858,-1.011,1022,1022,679
31.78,40.869,1.011,1023,1022,679
31.89,41.880,1.011,1023,1023,681
32.00,39.858,-2.021,1023,1023,681
32.22,40.869,1.011,1022,1023,681
32.73,41.880,1.011,1023,1023,676
32.84,40.869,-1.011,1023,1023,677
32.96,41.880,1.011,1023,1023,678
33.17,42.891,1.011,1023,1023,674
33.38,41.880,-1.011,1023,1023,674
33.50,38.848,-3.032,1023,1022,679
33.61,33.794,-5.054,1023,1023,692
33.72,30.762,-3.032,1023,1023,710
33.84,28.740,-2.021,1023,1022,727
33.95,25.708,-3.032,1022,1023,743
34.06,24.697,-1.011,1023,1023,747
34.28,21.665,-3.032,1023,1023,758
34.39,22.676,1.011,1023,1023,757
34.50,21.665,-1.011,1023,1022,778
34.71,20.654,-1.011,1023,1023,792
35.13,21.665,1.011,1023,1023,821
35.24,19.644,-2.021,1023,1023,821
35.36,20.654,1.011,1023,1022,819
35.67,19.644,-1.011,1023,1023,827
35.78,20.654,1.011,1023,1023,835
36.00,19.644,-1.011,1023,1023,820
36.11,20.654,1.011,1023,1023,821
36.32,19.644,-1.011,1022,1022,832
36.43,20.654,1.011,1023,1022,821
36.75,19.644,-1.011,1023,1023,835
36.86,20.654,1.011,1023,1023,850
36.97,21.665,1.011,1022,1023,848
37.09,19.644,-2.021,1023,1023,865
37.30,20.654,1.011,1023,1023,1022
37.61,19.644,-1.011,1022,1023,1022
37.73,20.654,1.011,1023,1023,1022
37.94,19.644,-1.011,1023,1022,1022
38.16,20.654,1.011,1023,1023,1023
38.37,19.644,-1.011,1022,1023,1023
38.59,21.665,2.021,1022,1023,1023
38.70,18.633,-3.032,1023,1023,1023
38.81,20.654,2.021,1022,1023,1022
39.03,19.644,-1.011,1023,1023,964
39.14,20.654,1.011,1023,1022,969
39.25,21.665,1.011,1022,1023,963
39.36,20.654,-1.011,1022,1023,924
39.48,21.665,1.011,1023,1023,885
39.59,20.654,-1.011,1023,1023,849
39.70,21.665,1.011,1022,1023,809
40.22,23.687,2.021,1023,1023,762
40.63,24.697,1.011,1022,1023,742
40.75,25.708,1.011,1023,1023,738
40.86,26.719,1.011,1022,1023,729
41.07,27.729,1.011,1023,1023,716
41.18,28.740,1.011,1023,1023,710
41.50,29.751,1.011,1022,1023,685
41.61,30.762,1.011,1022,1023,679
41.72,31.772,1.011,1023,1023,678
41.93,33.794,2.021,1022,1023,668
42.04,32.783,-1.011,1023,1022,659
42.16,34.805,2.021,1023,1023,650
42.57,35.815,1.011,1023,1022,625
42.89,36.826,1.011,1023,1023,616
43.00,37.837,1.011,1023,1023,613
43.11,36.826,-1.011,1023,1023,609
43.22,37.837,1.011,1023,1023,607
43.34,36.826,-1.011,1023,1023,607
43.45,38.848,2.021,1023,1023,605
44.07,39.858,1.011,1021,1023,576
44.18,40.869,1.011,1022,1023,572
44.29,39.858,-1.011,1023,1023,567
44.40,40.869,1.011,1023,1022,564
44.52,39.858,-1.011,1022,1023,560
44.63,40.869,1.011,1023,1023,556
44.74,39.858,-1.011,1023,1023,556
44.95,40.869,1.011,1023,1023,555
45.37,41.880,1.011,1023,1023,549
45.58,40.869,-1.011,1022,1023,545
46.00,41.880,1.011,1022,1023,534
46.11,40.869,-1.011,1022,1023,531
46.43,41.880,1.011,1023,1023,523
46.74,40.869,-1.011,1022,1023,519
46.85,41.880,1.011,1022,1023,517
47.07,40.869,-1.011,1021,1022,516
47.18,41.880,1.011,1023,1023,516
47.29,40.869,-1.011,1023,1023,514
47.40,41.880,1.011,1023,1023,512
47.72,42.891,1.011,1023,1023,507
47.83,41.880,-1.011,1023,1023,507
48.15,42.891,1.011,1023,1023,505
48.36,41.880,-1.011,1023,1023,503
48.57,34.805,-7.075,1023,1023,508
48.69,30.762,-4.043,1023,1023,515
48.90,28.740,-2.021,1023,1023,527
49.01,25.708,-3.032,1023,1023,530
49.13,24.697,-1.011,1022,1023,530
49.24,22.676,-2.021,1023,1023,538
49.45,21.665,-1.011,1022,1023,559
49.67,20.654,-1.011,1023,1023,612
50.59,19.644,-1.011,1022,1023,599
50.70,20.654,1.011,1023,1023,699
50.81,19.644,-1.011,1022,1023,790
51.03,20.654,1.011,1023,1023,959
51.14,19.644,-1.011,1023,1023,985
51.35,18.633,-1.011,1023,1023,984
51.57,19.644,1.011,1023,1023,954
52.19,20.654,1.011,1023,1023,559
52.30,21.665,1.011,1022,1023,465
52.41,19.644,-2.021,1023,1023,459
52.52,21.665,2.021,1023,1023,453
52.63,20.654,-1.011,1023,1023,454
52.75,19.644,-1.011,1023,1023,454
53.06,21.665,2.021,1023,1023,431
53.28,22.676,1.011,1023,1023,419
53.49,26.719,4.043,1023,1022,409
53.60,28.740,2.021,1023,1022,404
53.71,30.762,2.021,1023,1023,400
53.93,32.783,2.021,1023,1023,394
54.14,33.794,1.011,1023,1023,390
54.25,34.805,1.011,1023,1023,390
54.36,35.815,1.011,1022,1023,388
54.58,36.826,1.011,1022,1022,385
54.69,37.837,1.011,1023,1022,384
54.80,38.848,1.011,1023,1022,382
55.01,39.858,1.011,1023,1023,380
55.23,40.869,1.011,1023,1023,378
55.34,39.858,-1.011,1022,1023,377
55.45,40.869,1.011,1022,1023,376
55.56,39.858,-1.011,1023,1023,375
55.68,40.869,1.011,1023,1023,374
55.99,41.880,1.011,1023,1023,373
56.20,42.891,1.011,1022,1023,372
56.31,43.901,1.011,1023,1023,372
56.43,42.891,-1.011,1023,1023,371
56.74,43.901,1.011,1023,1022,371
57.06,44.912,1.011,1022,1023,368
57.27,43.901,-1.011,1023,1023,367
57.38,44.912,1.011,1023,1023,366
57.80,45.923,1.011,1023,1023,364
57.91,47.944,2.021,1023,1023,363
58.02,45.923,-2.021,1022,1023,363
58.13,39.858,-6.064,1023,1023,366
58.25,30.762,-9.097,1023,1023,372
58.36,25.708,-5.054,1023,1023,376
58.47,21.665,-4.043,1023,1023,379
58.59,20.654,-1.011,1021,1023,398
58.70,19.644,-1.011,1023,1022,559
59.42,18.633,-1.011,1023,1023,1023
59.63,19.644,1.011,1023,1023,1023
59.95,18.633,-1.011,1022,1023,1022
60.16,20.654,2.021,1023,1023,1023
60.28,19.644,-1.011,1023,1023,1023
60.39,20.654,1.011,1023,1022,1023
60.50,19.644,-1.011,1023,1022,1023
61.02,18.633,-1.011,1022,1023,1022
