Time(s),Force(N),DeltaF(N),FSR1,FSR2,FSR3
4.25,21.665,-1.011,1023,1023,1023
4.46,22.676,1.011,1023,1023,1023
4.57,21.665,-1.011,1023,1023,1023
4.68,22.676,1.011,1023,1023,1023
4.80,21.665,-1.011,1023,1023,1023
4.91,20.654,-1.011,1023,1023,1022
5.02,21.665,1.011,1023,1023,1023
5.34,22.676,1.011,1022,1023,1023
5.45,21.665,-1.011,1023,1023,1023
5.66,20.654,-1.011,1023,1023,1023
5.78,22.676,2.021,1022,1023,1023
6.09,20.654,-2.021,1023,1023,1023
6.30,21.665,1.011,1022,1023,1023
6.82,22.676,1.011,1023,1023,1023
6.93,21.665,-1.011,1023,1023,1023
7.05,20.654,-1.011,1023,1023,1023
7.16,21.665,1.011,1023,1023,1022
7.67,20.654,-1.011,1022,1023,1023
7.79,21.665,1.011,1023,1023,1023
8.20,20.654,-1.011,1023,1023,1023
8.42,21.665,1.011,1023,1023,1023
8.53,20.654,-1.011,1023,1023,1022
8.94,21.665,1.011,1023,1023,1023
9.06,20.654,-1.011,1023,1023,1023
9.68,21.665,1.011,1023,1023,1023
9.99,20.654,-1.011,1022,1023,1023
10.31,21.665,1.011,1023,1023,1023
10.42,20.654,-1.011,1023,1023,1022
10.53,22.676,2.021,1023,1023,1023
10.85,21.665,-1.011,1023,1023,1023
11.16,22.676,1.011,1023,1023,1022
11.68,23.687,1.011,1023,1023,857
12.00,25.708,2.021,1023,1023,799
12.11,26.719,1.011,1023,1023,796
12.42,27.729,1.011,1023,1023,791
12.53,29.751,2.021,1023,1023,785
12.65,28.740,-1.011,1023,1023,769
12.76,29.751,1.011,1023,1023,765
12.97,30.762,1.011,1023,1023,762
13.08,31.772,1.011,1023,1022,746
13.19,32.783,1.011,1023,1023,743
13.31,31.772,-1.011,1022,1023,733
13.62,32.783,1.011,1023,1023,725
13.73,33.794,1.011,1023,1023,723
13.85,32.783,-1.011,1023,1023,735
14.16,33.794,1.011,1023,1023,747
14.37,39.858,6.064,1022,1023,736
14.49,37.837,-2.021,1023,1023,736
14.60,35.815,-2.021,1023,1023,711
14.71,36.826,1.011,1023,1023,716
15.03,37.837,1.011,1022,1023,711
15.14,36.826,-1.011,1023,1023,716
15.25,37.837,1.011,1023,1023,708
15.36,36.826,-1.011,1023,1023,704
15.48,37.837,1.011,1023,1022,705
15.69,36.826,-1.011,1022,1023,699
16.00,37.837,1.011,1023,1023,693
16.12,38.848,1.011,1023,1022,689
16.23,39.858,1.011,1022,1023,695
16.34,38.848,-1.011,1023,1023,689
16.45,39.858,1.011,1023,1023,689
16.56,38.848,-1.011,1023,1023,693
16.68,40.869,2.021,1022,1023,691
16.79,39.858,-1.011,1023,1023,692
16.90,40.869,1.011,1023,1023,699
17.01,41.880,1.011,1023,1023,696
17.43,40.869,-1.011,1023,1023,671
17.64,41.880,1.011,1023,1023,640
17.86,40.869,-1.011,1023,1023,635
17.97,41.880,1.011,1022,1023,633
18.08,40.869,-1.011,1023,1022,644
18.19,41.880,1.011,1022,1023,637
18.31,39.858,-2.021,1022,1023,651
18.42,40.869,1.011,1023,1023,657
18.63,41.880,1.011,1023,1023,647
18.74,39.858,-2.021,1023,1023,645
18.86,38.848,-1.011,1022,1023,675
18.97,36.826,-2.021,1023,1023,679
19.18,35.815,-1.011,1023,1023,682
19.30,33.794,-2.021,1023,1023,687
19.41,32.783,-1.011,1023,1023,702
19.62,31.772,-1.011,1022,1023,726
19.84,30.762,-1.011,1023,1022,736
19.95,29.751,-1.011,1023,1022,735
20.06,28.740,-1.011,1023,1023,739
20.28,26.719,-2.021,1023,1023,746
20.39,28.740,2.021,1022,1023,744
20.50,26.719,-2.021,1023,1023,740
20.82,25.708,-1.011,1022,1023,748
21.03,24.697,-1.011,1023,1023,767
21.14,23.687,-1.011,1023,1023,807
21.26,22.676,-1.011,1023,1023,836
21.37,24.697,2.021,1023,1023,858
21.48,23.687,-1.011,1023,1023,884
21.70,22.676,-1.011,1023,1023,1009
21.91,23.687,1.011,1023,1023,1015
22.12,21.665,-2.021,1023,1023,1022
22.24,22.676,1.011,1023,1023,1022
22.35,23.687,1.011,1022,1023,1023
22.46,22.676,-1.011,1023,1023,1023
22.68,21.665,-1.011,1023,1023,1023
23.10,20.654,-1.011,1023,1022,1022
23.21,21.665,1.011,1023,1023,1023
23.63,22.676,1.011,1023,1023,1022
23.74,20.654,-2.021,1022,1023,1023
23.96,21.665,1.011,1023,1022,1022
24.07,20.654,-1.011,1023,1023,1023
24.18,21.665,1.011,1023,1022,1022
24.50,20.654,-1.011,1022,1023,1023
24.71,21.665,1.011,1023,1023,1023
24.83,22.676,1.011,1023,1023,1022
25.24,24.697,2.021,1022,1023,767
25.46,25.708,1.011,1022,1023,705
25.67,26.719,1.011,1023,1023,694
25.88,27.729,1.011,1023,1023,689
25.99,28.740,1.011,1023,1023,685
26.21,29.751,1.011,1023,1023,680
26.32,30.762,1.011,1023,1023,679
26.53,32.783,2.021,1022,1022,665
26.64,33.794,1.011,1023,1023,661
26.76,32.783,-1.011,1022,1023,661
26.87,33.794,1.011,1023,1023,658
27.08,35.815,2.021,1023,1023,641
27.19,34.805,-1.011,1023,1022,642
27.31,36.826,2.021,1023,1023,643
27.42,35.815,-1.011,1023,1023,644
27.53,36.826,1.011,1022,1023,656
27.64,37.837,1.011,1023,1023,647
27.75,39.858,2.021,1023,1023,646
27.97,38.848,-1.011,1023,1023,653
28.08,40.869,2.021,1023,1023,646
28.29,41.880,1.011,1023,1023,641
28.71,42.891,1.011,1023,1023,638
28.92,43.901,1.011,1023,1023,638
29.13,42.891,-1.011,1023,1023,635
29.25,43.901,1.011,1023,1023,633
29.36,42.891,-1.011,1023,1023,631
29.68,43.901,1.011,1023,1023,629
29.79,42.891,-1.011,1023,1023,634
30.30,43.901,1.011,1023,1022,630
30.42,42.891,-1.011,1023,1023,629
30.63,44.912,2.021,1023,1023,623
30.74,45.923,1.011,1023,1023,623
30.85,46.934,1.011,1023,1022,615
30.97,45.923,-1.011,1023,1023,609
31.08,46.934,1.011,1023,1022,613
31.29,45.923,-1.011,1023,1023,620
31.41,39.858,-6.064,1023,1023,651
31.52,36.826,-3.032,1023,1023,680
31.63,32.783,-4.043,1022,1023,720
31.75,29.751,-3.032,1023,1023,728
31.86,28.740,-1.011,1022,1023,736
31.97,27.729,-1.011,1022,1023,735
32.08,25.708,-2.021,1023,1022,750
32.30,24.697,-1.011,1023,1022,777
32.51,25.708,1.011,1022,1022,808
32.62,22.676,-3.032,1023,1023,822
32.74,23.687,1.011,1023,1023,833
32.85,22.676,-1.011,1023,1023,847
32.96,23.687,1.011,1023,1023,872
33.07,22.676,-1.011,1023,1023,908
33.29,23.687,1.011,1022,1023,962
33.40,22.676,-1.011,1023,1023,966
33.71,21.665,-1.011,1023,1023,1022
33.83,22.676,1.011,1023,1023,1023
34.04,21.665,-1.011,1023,1022,1022
34.36,20.654,-1.011,1022,1023,1022
34.47,21.665,1.011,1023,1023,1023
34.69,22.676,1.011,1023,1023,1022
34.90,21.665,-1.011,1022,1023,1022
35.01,22.676,1.011,1022,1023,1022
35.23,23.687,1.011,1023,1023,1023
35.34,21.665,-2.021,1023,1022,1022
35.46,22.676,1.011,1023,1023,1022
36.07,24.697,2.021,1022,1023,801
36.49,25.708,1.011,1023,1023,694
36.70,26.719,1.011,1023,1023,698
37.02,27.729,1.011,1022,1023,691
37.23,29.751,2.021,1023,1023,688
37.65,30.762,1.011,1023,1023,691
37.76,31.772,1.011,1022,1023,688
37.87,30.762,-1.011,1023,1023,686
37.98,31.772,1.011,1022,1023,685
38.09,32.783,1.011,1023,1023,681
38.41,33.794,1.011,1023,1023,675
38.52,34.805,1.011,1022,1022,679
38.73,35.815,1.011,1023,1023,677
38.95,36.826,1.011,1023,1023,671
39.06,37.837,1.011,1022,1023,664
39.27,38.848,1.011,1023,1022,656
39.38,39.858,1.011,1023,1023,652
39.60,41.880,2.021,1023,1023,649
39.71,40.869,-1.011,1022,1023,646
39.82,42.891,2.021,1022,1022,642
39.93,41.880,-1.011,1023,1023,633
40.04,42.891,1.011,1022,1023,641
40.16,41.880,-1.011,1023,1023,633
40.27,42.891,1.011,1023,1023,629
40.59,41.880,-1.011,1023,1023,629
40.80,42.891,1.011,1022,1022,624
40.91,43.901,1.011,1023,1023,626
41.02,42.891,-1.011,1022,1023,628
41.14,38.848,-4.043,1023,1023,652
41.25,35.815,-3.032,1023,1023,686
41.36,33.794,-2.021,1023,1023,691
41.47,32.783,-1.011,1022,1023,704
41.59,31.772,-1.011,1023,1023,722
41.70,29.751,-2.021,1022,1023,728
41.81,28.740,-1.011,1022,1023,729
42.03,27.729,-1.011,1023,1023,731
42.14,25.708,-2.021,1022,1023,738
42.35,24.697,-1.011,1023,1023,750
42.87,23.687,-1.011,1022,1023,780
42.98,24.697,1.011,1023,1023,821
43.10,23.687,-1.011,1023,1023,827
43.21,22.676,-1.011,1023,1023,835
43.42,23.687,1.011,1023,1023,820
43.54,22.676,-1.011,1022,1023,832
43.65,21.665,-1.011,1023,1023,864
43.86,22.676,1.011,1023,1023,1022
43.97,21.665,-1.011,1023,1023,1022
44.60,20.654,-1.011,1023,1023,1022
45.01,21.665,1.011,1023,1023,1022
45.23,22.676,1.011,1023,1023,1022
45.75,21.665,-1.011,1022,1023,826
45.86,22.676,1.011,1023,1023,785
45.97,23.687,1.011,1023,1023,761
46.18,24.697,1.011,1023,1023,730
46.40,25.708,1.011,1023,1023,729
46.61,26.719,1.011,1023,1023,731
46.72,27.729,1.011,1023,1023,729
46.83,28.740,1.011,1022,1022,718
47.04,29.751,1.011,1023,1023,720
47.16,30.762,1.011,1022,1023,711
47.27,31.772,1.011,1023,1023,705
47.48,32.783,1.011,1023,1023,685
47.69,33.794,1.011,1023,1023,678
47.81,34.805,1.011,1023,1023,680
47.92,35.815,1.011,1023,1023,675
48.23,37.837,2.021,1022,1023,670
48.45,38.848,1.011,1023,1023,647
48.66,39.858,1.011,1023,1023,1022
49.08,40.869,1.011,1023,1023,628
49.29,41.880,1.011,1022,1022,628
49.60,42.891,1.011,1023,1023,620
49.92,43.901,1.011,1023,1022,615
50.23,44.912,1.011,1023,1023,618
50.34,43.901,-1.011,1023,1023,610
50.46,45.923,2.021,1022,1023,610
50.57,44.912,-1.011,1022,1023,612
50.68,41.880,-3.032,1023,1023,621
50.90,42.891,1.011,1023,1023,621
51.01,39.858,-3.032,1023,1022,643
51.12,36.826,-3.032,1022,1023,662
51.23,30.762,-6.064,1023,1023,708
51.35,28.740,-2.021,1023,1023,734
51.46,27.729,-1.011,1023,1023,735
51.57,25.708,-2.021,1023,1023,743
51.79,24.697,-1.011,1022,1023,775
52.10,23.687,-1.011,1023,1023,821
52.21,22.676,-1.011,1023,1023,837
52.73,21.665,-1.011,1022,1023,1017
53.25,20.654,-1.011,1023,1023,1022
53.36,21.665,1.011,1023,1023,1022
53.58,20.654,-1.011,1023,1023,1022
53.90,21.665,1.011,1023,1023,1023
54.01,20.654,-1.011,1022,1023,1022
54.12,22.676,2.021,1023,1023,981
54.23,21.665,-1.011,1023,1023,989
54.35,22.676,1.011,1022,1023,827
54.56,24.697,2.021,1023,1023,760
54.67,23.687,-1.011,1023,1023,744
54.78,24.697,1.011,1023,1023,727
54.90,25.708,1.011,1023,1023,726
55.11,26.719,1.011,1023,1023,727
55.22,27.729,1.011,1022,1023,715
55.33,30.762,3.032,1023,1023,699
55.54,31.772,1.011,1023,1023,670
55.66,32.783,1.011,1023,1023,660
55.77,35.815,3.032,1022,1023,652
55.98,37.837,2.021,1023,1022,645
56.09,38.848,1.011,1023,1023,632
56.31,39.858,1.011,1023,1023,631
56.62,40.869,1.011,1023,1023,627
56.84,41.880,1.011,1023,1023,623
57.05,42.891,1.011,1023,1023,626
57.16,41.880,-1.011,1022,1023,627
57.27,42.891,1.011,1023,1023,624
57.49,43.901,1.011,1022,1023,624
57.90,44.912,1.011,1023,1023,604
58.22,43.901,-1.011,1022,1023,601
58.33,40.869,-3.032,1023,1023,630
58.44,33.794,-7.075,1023,1022,694
58.55,29.751,-4.043,1023,1023,721
58.67,26.719,-3.032,1022,1023,737
58.78,25.708,-1.011,1022,1023,816
58.89,24.697,-1.011,1023,1023,816
59.01,22.676,-2.021,1023,1023,849
59.32,21.665,-1.011,1022,1023,977
59.54,19.644,-2.021,1023,1023,1022
59.75,20.654,1.011,1022,1022,1023
59.86,19.644,-1.011,1022,1023,1022
59.98,21.665,2.021,1022,1023,1023
60.09,19.644,-2.021,1023,1023,1023
60.20,20.654,1.011,1023,1023,1023
60.52,19.644,-1.011,1022,1023,1023
60.63,20.654,1.011,1023,1023,1022
60.75,21.665,1.011,1023,1023,1022
60.86,20.654,-1.011,1023,1023,1022
61.18,19.644,-1.011,1023,1023,1022
61.29,20.654,1.011,1023,1023,1022
